2020	9	17	3	21	0	14.72	19.56	210.93	6.80	0.61
2020	9	17	3	51	0	14.65	19.70	214.68	7.10	0.66
2020	9	17	4	51	0	14.59	19.95	203.76	7.20	0.67
2020	9	17	5	21	0	14.54	20.05	216.33	7.10	0.65
2020	9	17	5	51	0	14.49	20.11	220.69	7.30	0.69
2020	9	17	7	21	0	14.34	20.04	217.03	7.10	0.67
2020	9	17	7	51	0	14.28	20.12	216.91	6.30	0.60
2020	9	17	8	21	0	14.29	20.39	209.81	5.20	0.65
2020	9	17	8	51	0	14.31	21.02	209.28	4.70	0.64
2020	9	17	9	51	0	14.22	22.72	174.08	4.30	0.59
2020	9	17	10	51	0	14.19	23.98	173.39	4.90	0.68
2020	9	17	11	21	0	14.15	24.19	170.61	4.70	0.58
2020	9	17	11	51	0	14.23	24.15	186.68	4.90	0.59
2020	9	17	12	21	0	14.31	24.49	181.63	4.80	0.55
2020	9	17	12	51	0	14.42	24.74	170.89	6.00	0.64
2020	9	17	13	51	0	14.54	24.95	171.74	5.30	0.56
2020	9	17	14	21	0	14.60	25.16	165.86	5.70	0.57
2020	9	17	14	51	0	14.79	25.44	219.50	5.80	0.54
2020	9	17	15	51	0	15.22	26.11	241.91	6.40	0.57
2020	9	17	16	51	0	16.09	26.67	299.39	6.00	0.53
2020	9	17	17	21	0	16.12	26.88	238.13	6.30	0.51
2020	9	17	18	21	0	17.93	21.59	271.80	6.20	0.49
2020	9	17	19	51	0	17.99	18.11	274.18	6.70	0.48
2020	9	17	21	51	0	16.00	15.77	284.39	6.70	0.44
2020	9	17	22	21	0	15.55	16.22	293.10	7.30	0.45
2020	9	17	22	51	0	15.33	16.71	298.39	7.20	0.46
2020	9	17	23	21	0	15.17	17.47	306.64	7.40	0.47
2020	9	17	23	51	0	15.07	17.94	313.04	6.50	0.42
2020	9	18	0	51	0	15.05	20.14	267.47	7.20	0.43
2020	9	18	1	51	0	15.05	21.13	286.26	7.60	0.43
2020	9	18	3	21	0	14.83	20.97	308.21	6.90	0.41
2020	9	18	3	51	0	14.72	21.30	320.28	6.80	0.41
2020	9	18	5	21	0	14.73	20.72	227.99	8.00	0.38
2020	9	18	6	51	0	14.78	18.97	215.82	8.60	0.39
2020	9	18	7	21	0	14.72	18.85	223.01	9.00	0.40
2020	9	18	8	21	0	14.79	17.73	200.39	9.50	0.38
2020	9	18	8	51	0	14.84	17.21	156.54	8.10	0.32
2020	9	18	9	21	0	14.88	16.71	151.71	9.00	0.37
2020	9	18	9	51	0	14.96	16.30	118.70	8.60	0.33
2020	9	18	10	51	0	15.11	13.91	103.78	8.90	0.36
2020	9	18	12	21	0	15.42	13.78	143.64	9.50	0.35
2020	9	18	12	51	0	15.44	15.80	188.81	7.50	0.31
2020	9	18	13	51	0	16.05	15.30	193.07	8.00	0.33
2020	9	18	14	21	0	16.14	14.98	192.45	7.70	0.35
2020	9	18	14	51	0	16.47	14.74	178.61	6.20	0.32
2020	9	18	15	21	0	16.69	14.57	173.95	6.10	0.29
2020	9	18	15	51	0	16.31	15.95	146.48	7.20	0.32
2020	9	18	16	21	0	16.01	16.44	142.89	7.90	0.38
2020	9	18	16	51	0	16.06	16.19	162.85	7.40	0.33
2020	9	18	17	21	0	15.97	16.29	164.76	7.60	0.33
2020	9	18	17	51	0	16.04	17.10	156.16	7.30	0.32
2020	9	18	18	51	0	16.10	18.06	161.42	8.00	0.36
2020	9	18	19	51	0	15.96	17.51	156.55	6.90	0.33
2020	9	18	20	21	0	15.75	17.58	175.51	5.40	0.34
2020	9	18	20	51	0	15.53	18.30	174.90	5.10	0.39
2020	9	18	21	21	0	15.46	18.30	195.87	5.40	0.41
2020	9	18	21	51	0	15.39	17.17	187.45	4.60	0.39
2020	9	18	22	21	0	15.29	16.56	180.05	4.00	0.43
2020	9	18	22	51	0	15.19	16.97	184.05	3.90	0.48
2020	9	18	23	51	0	15.12	17.27	189.06	4.10	0.48
2020	9	19	0	21	0	15.13	17.03	185.77	4.00	0.50
2020	9	19	0	51	0	15.25	16.51	194.48	4.10	0.51
2020	9	19	1	21	0	15.36	15.58	190.45	4.20	0.55
2020	9	19	1	51	0	15.47	14.78	189.75	4.30	0.55
2020	9	19	2	21	0	15.49	14.20	183.35	4.30	0.56
2020	9	19	2	51	0	15.73	13.56	176.08	4.50	0.62
2020	9	19	3	51	0	15.81	11.47	172.65	4.20	0.60
2020	9	19	4	21	0	15.85	11.44	174.63	4.10	0.55
2020	9	19	5	21	0	15.82	12.02	173.94	4.00	0.60
2020	9	19	6	21	0	15.86	12.86	169.26	4.20	0.58
2020	9	19	6	51	0	15.82	13.18	164.03	4.30	0.57
2020	9	19	7	21	0	15.81	13.35	175.85	3.80	0.57
2020	9	19	9	21	0	15.45	15.14	165.82	4.20	0.59
2020	9	19	10	51	0	15.50	14.47	165.81	3.70	0.58
2020	9	19	11	21	0	15.41	15.42	145.27	3.60	0.64
2020	9	19	11	51	0	15.29	16.63	149.22	3.80	0.62
2020	9	19	12	21	0	15.26	18.22	151.33	3.80	0.59
2020	9	19	12	51	0	15.36	18.58	150.11	3.80	0.59
2020	9	19	13	21	0	15.43	18.77	145.26	3.70	0.61
2020	9	19	13	51	0	15.46	17.96	131.40	3.90	0.64
2020	9	19	14	21	0	15.42	17.21	134.67	4.00	0.69
2020	9	19	14	51	0	15.27	18.14	116.34	3.90	0.67
2020	9	19	15	21	0	15.16	19.93	120.41	4.00	0.73
2020	9	19	15	51	0	14.92	21.87	119.81	4.20	0.82
2020	9	19	16	21	0	14.85	24.22	103.73	4.00	0.81
2020	9	19	16	51	0	14.79	26.06	101.38	4.20	0.95
2020	9	19	17	21	0	14.81	26.69	101.36	4.20	0.95
2020	9	19	17	51	0	14.78	27.16	111.05	4.20	1.00
2020	9	19	18	21	0	14.81	27.53	116.69	4.30	1.02
2020	9	19	18	51	0	14.84	27.75	124.17	4.50	1.02
2020	9	19	19	21	0	14.88	27.91	149.86	4.70	1.06
2020	9	19	19	51	0	14.92	28.03	152.59	4.70	0.99
2020	9	19	20	21	0	14.92	28.19	137.37	4.60	0.97
2020	9	19	20	51	0	14.89	28.27	164.91	4.60	0.92
2020	9	19	21	21	0	14.85	28.34	182.05	4.40	0.95
2020	9	19	21	51	0	14.82	28.38	189.60	4.70	0.99
2020	9	19	22	21	0	14.71	28.45	166.77	4.50	0.97
2020	9	19	22	51	0	14.62	28.49	154.27	4.30	0.94
2020	9	19	23	21	0	14.55	28.50	176.89	4.80	1.01
2020	9	19	23	51	0	14.50	28.51	151.80	4.50	0.94
2020	9	20	0	21	0	14.55	28.48	165.64	4.80	0.99
2020	9	20	0	51	0	14.45	28.53	139.22	4.90	0.98
2020	9	20	1	21	0	14.47	28.51	139.63	5.00	0.93
2020	9	20	1	51	0	14.46	28.51	155.07	4.80	0.98
2020	9	20	2	21	0	14.45	28.50	150.49	4.80	0.95
2020	9	20	2	51	0	14.43	28.51	157.21	5.10	1.04
2020	9	20	3	21	0	14.40	28.51	161.92	5.00	1.09
2020	9	20	3	51	0	14.33	28.52	157.56	5.00	1.09
2020	9	20	4	21	0	14.24	28.56	176.17	5.50	1.22
2020	9	20	4	51	0	14.17	28.56	151.47	5.00	1.04
2020	9	20	5	21	0	14.19	28.56	146.19	4.90	1.02
2020	9	20	5	51	0	14.18	28.54	134.49	5.10	1.08
2020	9	20	6	21	0	14.16	28.53	150.84	5.40	1.16
2020	9	20	7	21	0	14.18	28.52	169.47	5.50	1.02
2020	9	20	7	51	0	14.20	28.52	163.05	5.80	0.98
2020	9	20	8	21	0	14.17	28.51	179.85	6.30	1.02
2020	9	20	8	51	0	14.18	28.54	164.34	6.70	1.02
2020	9	20	9	21	0	14.16	28.53	178.76	5.90	0.92
2020	9	20	9	51	0	14.09	28.55	153.87	5.90	0.92
2020	9	20	11	21	0	14.01	28.59	192.28	6.10	0.91
2020	9	20	11	51	0	14.03	28.58	170.60	5.80	0.84
2020	9	20	12	21	0	14.07	28.58	112.50	5.60	0.81
2020	9	20	12	51	0	14.09	28.58	119.21	5.90	0.91
2020	9	20	13	51	0	14.18	28.59	119.64	6.40	0.94
2020	9	20	14	21	0	14.19	28.59	112.69	5.30	0.78
2020	9	20	14	51	0	14.21	28.61	109.80	5.70	0.85
2020	9	20	15	21	0	14.21	28.62	120.54	5.30	0.80
2020	9	20	15	51	0	14.18	28.63	132.25	5.90	0.92
2020	9	20	16	21	0	14.23	28.62	122.69	5.40	0.85
2020	9	20	16	51	0	14.24	28.63	125.32	5.70	0.93
2020	9	20	17	21	0	14.26	28.63	120.72	5.20	0.83
2020	9	20	17	51	0	14.29	28.62	123.63	5.40	0.82
2020	9	20	18	21	0	14.28	28.63	137.71	5.50	0.80
2020	9	20	18	51	0	14.26	28.65	135.17	5.50	0.83
2020	9	20	19	21	0	14.20	28.65	136.80	6.10	0.92
2020	9	20	19	51	0	14.25	28.65	133.15	6.40	0.92
2020	9	20	20	21	0	14.23	28.66	132.30	5.60	0.78
2020	9	20	20	51	0	14.18	28.67	130.03	6.20	0.80
2020	9	20	21	21	0	14.17	28.67	189.79	6.70	0.85
2020	9	20	22	21	0	14.13	28.68	163.44	7.10	0.91
2020	9	20	22	51	0	14.14	28.68	163.58	7.40	0.92
2020	9	20	23	21	0	14.09	28.70	179.44	7.30	0.84
2020	9	20	23	51	0	14.08	28.69	148.96	6.50	0.74
2020	9	21	0	21	0	14.08	28.69	165.70	7.30	0.84
2020	9	21	0	51	0	14.07	28.72	201.17	8.40	0.95
2020	9	21	1	21	0	14.06	28.71	176.09	7.50	0.87
2020	9	21	1	51	0	14.03	28.71	163.96	8.70	1.02
2020	9	21	2	21	0	14.04	28.70	152.51	8.00	0.94
2020	9	21	2	51	0	14.00	28.74	166.76	8.00	0.95
2020	9	21	3	21	0	14.01	28.74	164.63	8.70	1.07
2020	9	21	3	51	0	14.02	28.74	165.00	9.00	1.21
2020	9	21	4	21	0	13.99	28.77	163.83	9.40	1.30
2020	9	21	4	51	0	13.98	28.78	184.14	8.90	1.17
2020	9	21	5	21	0	13.99	28.78	149.06	8.50	1.13
2020	9	21	5	51	0	14.00	28.80	144.47	8.60	1.15
2020	9	21	6	21	0	14.06	28.78	171.97	9.20	1.23
2020	9	21	6	51	0	14.03	28.82	224.20	10.40	1.48
2020	9	21	7	21	0	14.05	28.81	149.86	9.90	1.39
2020	9	21	7	51	0	14.04	28.82	136.80	9.20	1.38
2020	9	21	8	21	0	14.08	28.81	164.41	9.30	1.33
2020	9	21	8	51	0	14.03	28.86	157.72	9.70	1.46
2020	9	21	9	21	0	13.88	28.92	149.39	9.50	1.41
2020	9	21	9	51	0	13.89	28.91	189.15	10.00	1.43
2020	9	21	10	21	0	13.92	28.92	161.02	8.80	1.26
2020	9	21	10	51	0	13.94	28.92	144.31	7.70	1.15
2020	9	21	11	21	0	13.99	28.93	144.64	8.40	1.36
2020	9	21	11	51	0	13.98	28.98	142.29	7.60	1.16
2020	9	21	12	21	0	13.91	28.96	139.53	6.70	1.07
2020	9	21	12	51	0	13.88	28.94	142.48	7.20	1.21
2020	9	21	13	21	0	13.92	28.91	140.07	8.20	1.36
2020	9	21	13	51	0	14.00	28.94	141.50	7.00	1.08
2020	9	21	14	51	0	14.20	28.93	140.37	8.00	1.33
2020	9	21	15	21	0	14.30	28.96	142.52	6.70	1.09
2020	9	21	15	51	0	14.31	28.98	134.69	7.60	1.28
2020	9	21	16	21	0	14.36	28.99	132.57	7.40	1.27
2020	9	21	16	51	0	14.29	29.05	156.31	7.60	1.33
2020	9	21	17	21	0	14.30	29.05	159.14	6.20	1.12
2020	9	21	17	51	0	14.26	29.02	151.90	7.00	1.22
2020	9	21	18	21	0	14.29	29.00	152.79	7.50	1.24
2020	9	21	19	21	0	14.28	29.05	137.16	6.80	1.17
2020	9	21	19	51	0	14.27	29.02	135.57	6.60	1.16
2020	9	21	20	21	0	14.23	29.04	154.55	6.30	1.06
2020	9	21	20	51	0	14.20	29.10	157.16	7.10	1.21
2020	9	21	21	21	0	14.16	29.14	169.08	6.50	1.18
2020	9	21	21	51	0	14.14	29.16	161.71	6.30	1.18
2020	9	21	22	21	0	14.13	29.18	170.90	6.20	1.11
2020	9	21	22	51	0	14.11	29.19	156.02	6.50	1.20
2020	9	21	23	21	0	14.11	29.20	165.99	5.90	1.11
2020	9	21	23	51	0	14.09	29.21	167.26	6.20	1.13
2020	9	22	0	21	0	14.05	29.23	164.42	6.40	1.17
2020	9	22	0	51	0	14.05	29.22	153.82	6.20	1.13
2020	9	22	1	21	0	14.04	29.24	159.70	6.50	1.14
2020	9	22	1	51	0	14.01	29.24	161.25	7.00	1.19
2020	9	22	2	21	0	13.99	29.26	172.11	6.40	1.10
2020	9	22	2	51	0	13.99	29.29	163.62	6.50	1.06
2020	9	22	3	21	0	13.96	29.30	147.56	6.30	1.01
2020	9	22	3	51	0	13.94	29.33	164.27	6.50	1.01
2020	9	22	4	21	0	13.94	29.33	157.57	6.80	0.98
2020	9	22	4	51	0	13.92	29.34	160.26	6.40	1.01
2020	9	22	5	21	0	13.93	29.34	164.59	7.00	1.04
2020	9	22	5	51	0	13.94	29.34	208.38	6.20	0.87
2020	9	22	6	21	0	13.94	29.36	183.16	6.50	0.96
2020	9	22	6	51	0	13.93	29.37	216.51	6.70	0.98
2020	9	22	7	21	0	13.89	29.39	164.17	6.50	0.93
2020	9	22	7	51	0	13.87	29.38	187.16	6.90	0.94
2020	9	22	8	21	0	13.86	29.39	205.60	6.60	0.90
2020	9	22	8	51	0	13.84	29.39	210.74	7.30	0.94
2020	9	22	9	21	0	13.82	29.41	133.85	6.40	0.82
2020	9	22	9	51	0	13.84	29.40	222.99	7.30	0.89
2020	9	22	10	21	0	13.84	29.40	180.23	6.70	0.86
2020	9	22	10	51	0	13.86	29.40	155.21	6.80	0.84
2020	9	22	11	21	0	13.88	29.41	176.60	6.60	0.80
2020	9	22	11	51	0	13.93	29.40	218.98	6.50	0.83
2020	9	22	12	21	0	14.04	29.35	198.58	7.40	0.89
2020	9	22	12	51	0	14.38	29.34	192.87	6.90	0.81
2020	9	22	13	21	0	14.66	29.39	247.52	7.30	0.86
2020	9	22	13	51	0	15.07	29.25	205.06	7.50	0.89
2020	9	22	14	21	0	15.64	29.23	213.44	7.10	0.82
2020	9	22	14	51	0	15.87	29.34	206.80	8.10	0.92
2020	9	22	15	21	0	15.68	29.42	153.05	8.50	0.92
2020	9	22	15	51	0	15.79	29.34	225.50	7.50	0.80
2020	9	22	16	21	0	15.02	29.38	197.53	7.60	0.81
2020	9	22	16	51	0	14.89	29.05	157.12	7.70	0.74
2020	9	22	17	21	0	14.85	28.97	254.18	8.40	0.90
2020	9	22	17	51	0	14.79	28.90	222.08	7.80	0.77
2020	9	22	18	21	0	14.70	28.86	246.46	6.80	0.67
2020	9	22	18	51	0	14.64	28.86	236.32	8.40	0.92
2020	9	22	19	21	0	14.57	28.92	149.31	6.70	0.68
2020	9	22	19	51	0	14.49	27.98	241.34	7.80	0.84
2020	9	22	20	21	0	14.42	26.84	248.00	6.90	0.83
2020	9	22	20	51	0	14.40	25.73	235.92	6.70	0.77
2020	9	22	21	21	0	14.43	24.87	210.55	7.80	0.86
2020	9	22	21	51	0	14.39	24.80	167.94	7.00	0.76
2020	9	22	22	21	0	14.37	24.78	202.04	7.50	0.76
2020	9	22	22	51	0	14.35	24.55	197.37	8.00	0.91
2020	9	22	23	21	0	14.30	24.89	206.56	6.90	0.78
2020	9	22	23	51	0	14.36	24.81	206.45	7.60	0.89
2020	9	23	0	21	0	14.49	24.06	196.28	7.60	0.88
2020	9	23	0	51	0	14.55	23.29	189.29	7.10	0.87
2020	9	23	1	51	0	14.87	20.79	204.11	6.90	0.82
2020	9	23	2	51	0	14.89	20.30	216.28	6.00	0.72
2020	9	23	3	21	0	14.86	20.41	220.28	7.10	0.81
2020	9	23	3	51	0	14.83	20.75	186.94	6.10	0.76
2020	9	23	4	21	0	14.75	21.04	178.43	7.20	0.87
2020	9	23	4	51	0	14.57	21.99	167.35	5.90	0.77
2020	9	23	5	21	0	14.49	23.17	200.18	6.00	0.78
2020	9	23	5	51	0	14.49	23.29	187.50	6.40	0.86
2020	9	23	6	21	0	14.61	22.46	178.50	6.20	0.78
2020	9	23	6	51	0	14.74	21.48	165.39	6.60	0.76
2020	9	23	7	21	0	14.83	20.24	181.63	6.50	0.70
2020	9	23	7	51	0	14.88	20.26	181.87	6.60	0.68
2020	9	23	8	51	0	14.85	20.18	213.24	7.30	0.65
2020	9	23	9	21	0	14.84	19.69	196.46	7.70	0.72
2020	9	23	9	51	0	14.79	19.31	206.96	6.60	0.60
2020	9	23	10	21	0	14.84	18.66	213.40	7.10	0.65
2020	9	23	10	51	0	14.84	18.98	225.45	7.10	0.65
2020	9	23	11	51	0	14.97	18.78	226.54	7.20	0.64
2020	9	23	12	51	0	15.05	18.37	238.24	7.10	0.60
2020	9	23	13	21	0	15.21	18.19	240.81	6.70	0.62
2020	9	23	13	51	0	15.62	17.18	250.67	8.30	0.74
2020	9	23	14	21	0	15.73	16.05	235.38	7.50	0.65
2020	9	23	14	51	0	15.85	15.90	235.33	7.40	0.64
2020	9	23	17	21	0	15.59	18.65	192.19	6.90	0.63
2020	9	23	20	21	0	14.83	19.48	222.63	6.20	0.55
2020	9	24	0	51	0	14.86	18.60	214.16	5.80	0.52
2020	9	24	6	21	0	14.56	20.06	225.30	5.30	0.52
2020	9	24	6	51	0	14.56	19.48	222.43	5.60	0.55
2020	9	24	7	51	0	14.77	18.75	243.68	5.30	0.48
2020	9	24	8	21	0	15.01	18.34	224.57	5.10	0.47
2020	9	24	9	21	0	14.72	18.38	234.80	5.50	0.46
2020	9	24	10	21	0	14.59	17.77	235.98	5.60	0.50
2020	9	24	12	21	0	15.44	16.48	255.28	5.70	0.49
2020	9	24	15	21	0	16.33	16.90	281.98	5.70	0.55
2020	9	24	17	51	0	16.43	17.29	263.14	4.40	0.53
2020	9	25	1	21	0	15.42	19.05	254.47	5.00	0.50
2020	9	25	7	21	0	15.70	17.35	239.07	5.20	0.41
2020	9	25	8	21	0	16.03	15.17	252.88	5.40	0.43
2020	9	25	10	21	0	16.04	16.94	196.64	5.10	0.35
2020	9	25	11	21	0	15.27	17.19	209.38	5.50	0.41
2020	9	25	17	51	0	15.53	20.11	214.65	4.50	0.43
2020	9	26	1	21	0	15.23	17.31	190.25	4.90	0.32
2020	9	26	2	21	0	15.27	17.23	173.89	4.80	0.32
2020	9	26	2	51	0	15.34	17.07	181.33	4.90	0.33
2020	9	26	4	51	0	15.53	16.22	115.09	4.90	0.34
2020	9	26	5	21	0	15.58	15.80	92.31	4.40	0.33
2020	9	26	5	51	0	15.56	15.83	98.87	4.70	0.35
2020	9	26	6	21	0	15.58	15.89	116.04	4.60	0.36
2020	9	26	6	51	0	15.49	16.62	148.60	4.30	0.35
2020	9	26	7	21	0	15.49	17.21	156.54	4.70	0.39
2020	9	26	7	51	0	15.46	17.67	159.83	4.50	0.38
2020	9	26	8	51	0	15.66	16.94	209.06	4.80	0.38
2020	9	26	9	21	0	15.63	16.44	148.94	5.10	0.42
2020	9	26	9	51	0	15.45	17.58	157.49	4.80	0.36
2020	9	26	10	21	0	15.37	18.95	257.35	4.40	0.36
2020	9	26	10	51	0	15.59	18.64	181.07	4.70	0.40
2020	9	26	11	21	0	15.84	17.74	172.64	4.40	0.37
2020	9	26	12	51	0	15.50	19.34	218.05	4.30	0.46
2020	9	26	14	21	0	15.66	17.99	178.56	4.30	0.42
2020	9	26	14	51	0	15.57	18.41	186.51	4.40	0.46
2020	9	26	15	21	0	15.51	19.26	221.25	4.10	0.43
2020	9	26	15	51	0	15.59	19.65	221.09	3.60	0.45
2020	9	26	16	51	0	15.40	21.39	215.38	3.60	0.57
2020	9	26	17	21	0	15.52	21.42	211.16	3.80	0.58
2020	9	26	17	51	0	15.73	20.19	187.50	3.90	0.58
2020	9	26	18	21	0	15.73	19.30	194.30	3.80	0.58
2020	9	26	18	51	0	15.78	19.71	186.88	3.80	0.60
2020	9	26	19	21	0	15.99	19.45	188.46	4.00	0.59
2020	9	26	19	51	0	16.09	18.79	170.92	4.30	0.56
2020	9	26	20	21	0	16.38	18.22	171.53	4.50	0.60
2020	9	26	20	51	0	16.33	17.18	184.06	4.20	0.57
2020	9	26	21	21	0	16.30	16.68	176.31	4.20	0.55
2020	9	26	21	51	0	16.16	16.55	170.02	4.20	0.59
2020	9	26	22	21	0	16.07	16.77	175.45	4.10	0.57
2020	9	26	22	51	0	16.01	18.27	177.90	3.90	0.58
2020	9	27	1	51	0	15.04	21.69	210.52	4.20	0.64
2020	9	27	2	21	0	15.52	18.58	194.89	4.40	0.62
2020	9	27	2	51	0	16.02	16.92	167.65	4.70	0.71
2020	9	27	3	51	0	16.04	16.14	167.22	4.90	0.60
2020	9	27	4	21	0	15.15	20.56	171.33	4.30	0.66
2020	9	27	4	51	0	15.07	21.25	163.79	4.50	0.66
2020	9	27	5	21	0	15.35	19.85	184.43	5.00	0.63
2020	9	27	5	51	0	15.52	18.94	186.61	5.10	0.57
2020	9	27	6	21	0	15.71	18.98	188.45	5.00	0.58
2020	9	27	6	51	0	15.46	18.15	171.64	5.10	0.69
2020	9	27	7	21	0	15.46	18.14	175.76	5.20	0.75
2020	9	27	8	21	0	15.79	17.40	116.46	5.60	0.77
2020	9	27	8	51	0	15.71	17.33	113.41	5.50	0.77
2020	9	27	9	21	0	15.83	17.33	121.64	5.70	0.76
2020	9	27	9	51	0	15.79	16.98	130.40	5.50	0.74
2020	9	27	10	21	0	15.65	16.63	136.21	5.60	0.68
2020	9	27	10	51	0	15.60	16.51	139.01	6.00	0.70
2020	9	27	11	51	0	15.25	20.18	142.63	5.60	0.61
2020	9	27	12	21	0	15.17	20.90	143.82	5.90	0.63
2020	9	27	12	51	0	15.35	19.58	157.10	5.90	0.63
2020	9	27	13	51	0	15.62	18.02	159.76	5.70	0.58
2020	9	27	14	51	0	15.25	19.94	156.08	4.70	0.66
2020	9	27	15	21	0	15.25	20.70	162.19	5.30	0.67
2020	9	27	15	51	0	15.48	18.64	143.29	5.30	0.62
2020	9	27	16	21	0	15.51	18.68	136.85	5.40	0.69
2020	9	27	16	51	0	15.41	19.16	139.81	5.40	0.66
2020	9	27	17	21	0	15.85	18.29	141.35	5.20	0.67
2020	9	27	17	51	0	15.72	17.77	145.07	5.50	0.59
2020	9	27	18	21	0	15.96	17.40	146.07	5.40	0.60
2020	9	27	19	21	0	16.11	17.04	153.46	5.70	0.60
2020	9	27	19	51	0	15.92	16.94	144.34	5.90	0.66
2020	9	27	20	21	0	15.80	16.68	139.24	5.90	0.61
2020	9	27	20	51	0	15.67	16.71	138.98	5.90	0.58
2020	9	27	21	51	0	15.56	16.80	131.50	5.70	0.55
2020	9	27	22	21	0	15.50	17.09	145.13	6.00	0.57
2020	9	27	22	51	0	15.66	17.16	142.01	5.60	0.51
2020	9	27	23	21	0	15.49	17.46	132.72	5.20	0.48
2020	9	27	23	51	0	15.54	19.22	169.06	5.20	0.52
2020	9	28	0	21	0	15.55	20.30	202.18	5.30	0.54
2020	9	28	0	51	0	15.66	20.51	182.96	4.10	0.50
2020	9	28	1	21	0	15.75	20.78	176.36	4.00	0.54
2020	9	28	1	51	0	15.54	21.57	139.73	3.90	0.56
2020	9	28	2	21	0	15.21	23.13	123.93	3.70	0.59
2020	9	28	2	51	0	15.00	24.48	123.34	4.00	0.63
2020	9	28	3	21	0	14.94	25.06	137.18	3.90	0.55
2020	9	28	3	51	0	14.82	25.57	155.89	3.90	0.53
2020	9	28	4	21	0	14.82	25.76	114.57	4.00	0.58
2020	9	28	4	51	0	14.83	25.83	79.45	3.90	0.58
2020	9	28	5	21	0	14.82	25.85	93.39	4.00	0.62
2020	9	28	5	51	0	14.75	26.13	98.43	3.90	0.62
2020	9	28	6	21	0	14.70	26.38	109.58	3.90	0.61
2020	9	28	6	51	0	14.66	26.54	105.77	3.70	0.63
2020	9	28	7	21	0	14.65	26.53	91.04	3.60	0.67
2020	9	28	7	51	0	14.59	26.77	113.97	3.80	0.70
2020	9	28	8	21	0	14.57	27.01	104.52	3.70	0.67
2020	9	28	8	51	0	14.57	27.08	135.67	3.60	0.72
2020	9	28	9	21	0	14.53	27.30	126.00	3.80	0.74
2020	9	28	9	51	0	14.49	27.49	143.44	3.90	0.79
2020	9	28	10	21	0	14.48	27.56	156.94	3.90	0.74
2020	9	28	10	51	0	14.50	27.54	134.71	3.80	0.70
2020	9	28	11	21	0	14.52	27.46	135.28	3.80	0.69
2020	9	28	11	51	0	14.58	26.65	148.75	3.80	0.68
2020	9	28	12	21	0	14.60	26.52	132.16	3.60	0.67
2020	9	28	12	51	0	14.64	26.46	133.32	3.50	0.64
2020	9	28	13	21	0	14.70	26.39	144.98	3.80	0.64
2020	9	28	13	51	0	14.76	26.28	143.64	3.90	0.66
2020	9	28	14	21	0	14.81	26.32	124.78	3.90	0.63
2020	9	28	14	51	0	14.89	26.16	171.17	3.80	0.62
2020	9	28	15	21	0	14.97	26.25	164.96	3.90	0.66
2020	9	28	15	51	0	14.99	26.48	175.18	4.00	0.69
2020	9	28	16	21	0	14.96	26.68	149.70	4.10	0.71
2020	9	28	16	51	0	14.99	26.76	163.24	3.80	0.67
2020	9	28	17	21	0	15.02	26.83	166.62	3.90	0.69
2020	9	28	17	51	0	15.11	26.89	159.41	3.90	0.67
2020	9	28	18	21	0	15.18	26.92	155.15	3.80	0.69
2020	9	28	18	51	0	15.18	26.93	161.89	3.70	0.68
2020	9	28	19	21	0	15.19	26.95	175.85	3.80	0.70
2020	9	28	19	51	0	15.18	26.95	163.76	3.60	0.63
2020	9	28	20	21	0	15.17	27.00	166.65	3.70	0.59
2020	9	28	20	51	0	15.09	27.10	178.20	4.00	0.57
2020	9	28	21	21	0	15.17	27.25	195.29	3.80	0.52
2020	9	28	21	51	0	15.15	27.26	164.38	4.00	0.51
2020	9	28	22	21	0	15.20	27.17	164.58	4.20	0.47
2020	9	28	22	51	0	15.19	27.11	124.63	4.30	0.47
2020	9	28	23	21	0	15.15	27.10	138.69	4.70	0.47
2020	9	28	23	51	0	15.17	27.07	148.30	4.70	0.49
2020	9	29	0	21	0	15.17	27.03	208.37	4.80	0.45
2020	9	29	0	51	0	15.12	27.01	213.98	5.60	0.56
2020	9	29	1	21	0	15.11	26.97	263.56	5.10	0.44
2020	9	29	1	51	0	15.14	27.00	284.61	5.50	0.51
2020	9	29	2	21	0	15.15	27.00	270.70	5.60	0.49
2020	9	29	2	51	0	15.17	26.97	257.98	5.70	0.48
2020	9	29	3	21	0	15.17	26.92	222.31	5.70	0.49
2020	9	29	3	51	0	15.17	26.87	238.01	6.10	0.55
2020	9	29	4	21	0	15.18	26.79	262.11	5.60	0.50
2020	9	29	4	51	0	15.16	26.74	177.53	6.10	0.55
2020	9	29	5	21	0	15.17	26.75	185.12	5.70	0.47
2020	9	29	5	51	0	15.15	26.75	214.61	6.20	0.53
2020	9	29	6	21	0	15.16	26.72	115.28	6.10	0.51
2020	9	29	6	51	0	15.13	26.71	110.29	6.80	0.58
2020	9	29	7	21	0	15.15	26.71	179.32	6.20	0.54
2020	9	29	7	51	0	15.12	26.72	178.25	5.90	0.50
2020	9	29	8	21	0	14.99	26.76	241.06	6.70	0.59
2020	9	29	8	51	0	14.91	26.72	179.68	6.50	0.56
2020	9	29	9	21	0	15.02	26.68	231.61	6.80	0.60
2020	9	29	9	51	0	14.70	26.76	307.08	7.40	0.63
2020	9	29	10	21	0	14.74	26.33	245.61	7.60	0.67
2020	9	29	10	51	0	14.88	26.34	236.84	7.50	0.62
2020	9	29	11	21	0	14.89	26.35	224.18	7.60	0.68
2020	9	29	11	51	0	14.89	26.28	222.78	7.70	0.68
2020	9	29	12	21	0	14.99	26.33	250.05	7.90	0.69
2020	9	29	12	51	0	15.22	26.68	273.18	8.30	0.71
2020	9	29	13	21	0	15.41	26.80	253.63	8.20	0.68
2020	9	29	13	51	0	15.65	26.39	289.63	8.70	0.70
2020	9	29	14	21	0	15.77	25.42	260.96	8.20	0.72
2020	9	29	14	51	0	15.63	24.98	253.73	7.90	0.68
2020	9	29	15	21	0	15.78	25.00	270.55	8.40	0.86
2020	9	29	15	51	0	15.79	25.02	247.62	8.20	0.78
2020	9	29	16	21	0	15.56	25.06	245.57	7.80	0.77
2020	9	29	16	51	0	15.49	25.07	267.54	6.80	0.70
2020	9	29	17	21	0	15.32	25.08	254.42	7.40	0.78
2020	9	29	17	51	0	15.36	25.02	245.00	6.70	0.71
2020	9	29	18	21	0	15.48	24.95	232.31	6.70	0.71
2020	9	29	18	51	0	15.45	24.83	232.69	5.40	0.59
2020	9	29	19	21	0	15.56	24.64	183.13	6.30	0.67
2020	9	29	19	51	0	15.61	24.52	169.95	5.70	0.66
2020	9	29	20	21	0	15.64	23.82	162.05	6.20	0.70
2020	9	29	20	51	0	15.63	22.67	163.51	6.30	0.73
2020	9	29	21	21	0	15.69	22.74	175.71	5.70	0.69
2020	9	29	21	51	0	15.66	22.94	166.78	6.40	0.75
2020	9	29	22	21	0	15.67	22.96	170.38	5.90	0.73
2020	9	29	22	51	0	15.72	22.81	175.24	6.00	0.72
2020	9	29	23	21	0	15.71	22.82	171.05	5.40	0.72
2020	9	29	23	51	0	15.70	22.48	168.10	5.40	0.66
2020	9	30	0	21	0	15.72	21.93	168.27	6.20	0.73
2020	9	30	0	51	0	15.63	22.35	162.03	5.60	0.66
2020	9	30	1	21	0	15.57	22.48	172.85	6.20	0.74
2020	9	30	1	51	0	15.66	22.26	173.98	6.30	0.67
2020	9	30	2	21	0	15.66	21.84	168.03	6.90	0.74
2020	9	30	2	51	0	15.67	21.38	172.24	6.60	0.69
2020	9	30	3	21	0	15.58	21.23	186.49	7.10	0.72
2020	9	30	3	51	0	15.55	21.53	203.97	7.10	0.73
2020	9	30	4	21	0	15.61	21.28	194.85	6.70	0.69
2020	9	30	4	51	0	15.62	21.49	217.91	7.30	0.79
2020	9	30	5	21	0	15.70	21.30	219.71	6.60	0.66
2020	9	30	5	51	0	15.69	21.63	225.23	6.80	0.65
2020	9	30	6	21	0	15.64	21.99	223.54	6.70	0.68
2020	9	30	6	51	0	15.64	22.12	217.65	6.00	0.58
2020	9	30	7	21	0	15.55	22.26	217.89	6.50	0.62
2020	9	30	7	51	0	15.62	22.17	229.64	6.60	0.67
2020	9	30	8	21	0	15.61	22.20	234.23	6.80	0.63
2020	9	30	8	51	0	15.62	22.04	237.33	6.50	0.64
2020	9	30	9	21	0	15.63	21.87	218.30	6.60	0.63
2020	9	30	9	51	0	15.62	21.67	243.48	6.10	0.57
2020	9	30	10	21	0	15.61	21.92	232.37	6.80	0.60
2020	9	30	10	51	0	15.77	21.98	227.77	6.40	0.58
2020	9	30	11	21	0	15.86	22.02	213.11	6.90	0.63
2020	9	30	11	51	0	15.95	22.18	207.23	6.50	0.58
2020	9	30	12	21	0	15.88	22.26	210.34	6.70	0.63
2020	9	30	12	51	0	15.93	22.14	203.00	7.00	0.67
2020	9	30	13	21	0	16.27	22.04	214.01	6.70	0.64
2020	9	30	13	51	0	16.49	21.99	189.49	7.20	0.66
2020	9	30	14	21	0	16.31	22.04	182.61	6.30	0.58
2020	9	30	14	51	0	16.47	22.13	228.81	6.50	0.61
2020	9	30	15	21	0	17.04	22.03	210.12	6.80	0.64
2020	9	30	15	51	0	16.69	22.23	222.30	6.20	0.62
2020	9	30	16	21	0	16.22	22.28	216.08	6.20	0.61
2020	9	30	16	51	0	15.99	22.11	192.82	6.30	0.61
2020	9	30	17	21	0	15.84	22.06	198.02	6.20	0.62
2020	9	30	17	51	0	15.72	21.95	225.84	6.00	0.60
2020	9	30	18	21	0	15.71	21.77	220.02	6.30	0.65
2020	9	30	18	51	0	15.69	21.67	200.82	6.10	0.63
2020	9	30	19	21	0	15.83	21.51	238.38	5.30	0.60
2020	9	30	19	51	0	16.26	21.46	225.96	4.80	0.56
2020	9	30	20	51	0	16.54	21.13	182.43	5.40	0.62
2020	10	1	0	21	0	15.98	20.25	234.49	5.10	0.54
2020	10	1	0	51	0	15.96	19.96	208.02	5.20	0.57
2020	10	1	1	21	0	15.84	20.39	188.90	4.20	0.54
2020	10	1	2	21	0	15.89	20.33	190.45	4.40	0.55
2020	10	1	2	51	0	15.87	20.12	206.43	4.00	0.50
2020	10	1	3	21	0	15.77	20.84	203.64	4.00	0.52
2020	10	1	3	51	0	15.69	21.37	184.86	4.80	0.50
2020	10	1	4	21	0	15.52	22.22	199.04	5.00	0.49
2020	10	1	4	51	0	15.50	22.34	219.49	4.70	0.48
2020	10	1	5	21	0	15.56	21.28	214.80	4.40	0.48
2020	10	1	6	21	0	15.46	22.52	153.14	4.50	0.49
2020	10	1	6	51	0	15.65	21.95	213.17	4.20	0.49
2020	10	1	7	21	0	15.28	22.88	188.87	4.10	0.52
2020	10	1	7	51	0	15.12	24.21	188.19	3.70	0.54
2020	10	1	8	21	0	15.17	23.46	182.48	4.30	0.54
2020	10	1	8	51	0	15.54	22.28	219.80	5.10	0.50
2020	10	1	9	21	0	15.64	22.12	210.88	5.00	0.52
2020	10	1	9	51	0	15.48	22.07	188.96	4.90	0.52
2020	10	1	10	21	0	16.02	21.90	227.22	5.20	0.49
2020	10	1	10	51	0	15.78	21.78	218.07	5.10	0.51
2020	10	1	11	51	0	15.56	21.28	202.87	4.20	0.51
2020	10	1	12	21	0	15.23	21.54	222.08	4.20	0.55
2020	10	1	12	51	0	15.31	22.75	218.11	4.60	0.55
2020	10	1	13	21	0	15.56	21.89	225.87	4.90	0.52
2020	10	1	13	51	0	15.97	21.16	286.05	4.90	0.52
2020	10	1	14	51	0	15.75	21.16	207.98	4.60	0.54
2020	10	1	15	21	0	15.91	20.86	179.25	4.70	0.55
2020	10	1	15	51	0	15.83	21.30	186.69	4.50	0.52
2020	10	1	16	21	0	16.51	20.89	198.82	4.50	0.52
2020	10	1	16	51	0	16.00	20.79	184.52	4.40	0.55
2020	10	1	17	51	0	15.99	20.18	180.66	4.20	0.56
2020	10	1	18	51	0	15.83	19.24	168.43	4.40	0.61
2020	10	1	19	51	0	16.02	19.22	211.60	4.80	0.60
2020	10	1	20	21	0	16.03	18.86	197.14	4.00	0.53
2020	10	1	20	51	0	16.54	18.62	170.00	4.70	0.55
2020	10	1	21	51	0	16.43	16.54	165.70	4.30	0.53
2020	10	1	22	21	0	16.56	16.23	164.69	4.60	0.60
2020	10	1	22	51	0	16.51	16.46	192.84	4.80	0.60
2020	10	1	23	21	0	16.40	16.66	197.03	4.70	0.63
2020	10	1	23	51	0	16.23	16.97	211.94	4.80	0.63
2020	10	2	0	21	0	16.13	17.21	209.62	4.80	0.63
2020	10	2	0	51	0	16.05	18.11	198.59	4.90	0.64
2020	10	2	1	21	0	16.37	17.71	188.19	4.90	0.59
2020	10	2	1	51	0	16.31	17.47	196.58	5.40	0.62
2020	10	2	2	21	0	16.25	17.16	199.20	4.80	0.57
2020	10	2	2	51	0	16.15	17.09	217.62	5.00	0.64
2020	10	2	3	21	0	16.33	16.95	205.69	4.90	0.57
2020	10	2	3	51	0	16.43	16.99	207.36	4.90	0.64
2020	10	2	4	21	0	16.31	17.05	234.83	4.60	0.62
2020	10	2	4	51	0	16.33	17.02	233.73	4.20	0.61
2020	10	2	5	21	0	16.31	16.87	209.56	4.10	0.60
2020	10	2	5	51	0	16.30	16.81	195.54	4.00	0.61
2020	10	2	6	21	0	16.37	16.75	200.19	4.20	0.66
2020	10	2	6	51	0	16.48	16.63	199.94	4.20	0.69
2020	10	2	7	51	0	16.32	16.04	171.94	4.10	0.75
2020	10	2	8	21	0	16.26	17.27	168.88	3.90	0.77
2020	10	2	8	51	0	16.14	19.31	172.38	4.10	0.83
2020	10	2	9	21	0	16.04	21.21	191.14	4.10	0.97
2020	10	2	9	51	0	15.82	23.03	175.74	4.10	1.02
2020	10	2	10	21	0	15.55	25.02	169.29	4.60	1.30
2020	10	2	10	51	0	15.30	26.26	180.44	4.90	1.40
2020	10	2	11	51	0	15.09	27.27	185.74	4.60	1.29
2020	10	2	12	21	0	15.14	27.30	174.99	4.60	1.22
2020	10	2	12	51	0	15.08	27.53	154.17	4.60	1.25
2020	10	2	13	21	0	15.16	27.46	169.48	4.70	1.27
2020	10	2	13	51	0	15.23	27.26	162.52	4.50	1.14
2020	10	2	14	51	0	15.73	25.82	180.22	4.60	1.19
2020	10	2	15	21	0	15.76	25.43	163.47	4.40	1.12
2020	10	2	16	21	0	15.76	25.09	167.44	4.70	1.24
2020	10	2	16	51	0	15.74	25.06	175.66	4.70	1.28
2020	10	2	17	21	0	15.75	24.94	163.98	4.80	1.35
2020	10	2	17	51	0	15.76	24.81	163.80	5.30	1.49
2020	10	2	18	21	0	15.72	24.86	162.49	5.00	1.47
2020	10	2	18	51	0	15.68	24.99	158.80	5.30	1.55
2020	10	2	19	21	0	15.67	24.98	175.37	5.30	1.45
2020	10	2	19	51	0	15.64	24.99	176.02	5.90	1.65
2020	10	2	20	51	0	15.64	24.86	194.08	5.70	1.55
2020	10	2	21	51	0	15.62	24.85	183.51	6.00	1.52
2020	10	2	22	51	0	15.50	25.07	189.15	5.70	1.40
2020	10	2	23	21	0	15.41	25.36	195.24	5.40	1.33
2020	10	2	23	51	0	15.34	25.44	179.54	5.60	1.41
2020	10	3	0	21	0	15.26	25.51	145.94	5.30	1.28
2020	10	3	0	51	0	15.10	26.28	195.81	5.70	1.37
2020	10	3	1	21	0	15.07	26.24	168.34	5.50	1.30
2020	10	3	1	51	0	15.07	26.04	162.88	5.50	1.38
2020	10	3	2	21	0	15.06	26.08	167.13	5.40	1.27
2020	10	3	2	51	0	15.02	26.31	172.67	5.20	1.16
2020	10	3	3	21	0	15.04	26.40	163.06	5.50	1.27
2020	10	3	3	51	0	15.04	26.51	151.84	5.30	1.15
2020	10	3	4	21	0	15.01	26.64	174.25	5.30	1.20
2020	10	3	4	51	0	14.97	26.85	160.93	5.10	1.15
2020	10	3	5	21	0	14.85	27.33	175.57	5.20	1.19
2020	10	3	5	51	0	14.72	27.80	165.58	5.20	1.10
2020	10	3	6	21	0	14.76	28.51	124.32	5.30	1.06
2020	10	3	6	51	0	14.78	28.47	179.52	5.10	1.15
2020	10	3	7	21	0	14.80	28.58	178.91	5.40	1.21
2020	10	3	7	51	0	14.81	28.62	161.94	5.30	1.22
2020	10	3	8	21	0	14.80	28.68	166.28	5.20	1.25
2020	10	3	8	51	0	14.80	28.76	176.05	5.70	1.34
2020	10	3	9	21	0	14.81	28.67	166.59	5.20	1.21
2020	10	3	9	51	0	14.82	28.59	165.87	5.00	1.20
2020	10	3	10	21	0	14.82	28.60	173.03	5.40	1.24
2020	10	3	10	51	0	14.80	28.75	170.32	5.60	1.28
2020	10	3	11	21	0	14.78	28.94	196.43	5.90	1.32
2020	10	3	11	51	0	14.77	28.87	171.67	5.90	1.36
2020	10	3	12	21	0	14.78	28.72	168.58	6.10	1.27
2020	10	3	12	51	0	14.76	28.73	153.77	6.00	1.28
2020	10	3	13	21	0	14.76	28.69	161.35	5.70	1.30
2020	10	3	13	51	0	14.77	28.57	151.84	6.00	1.26
2020	10	3	14	21	0	14.79	28.36	150.18	5.60	1.19
2020	10	3	14	51	0	14.81	28.21	152.00	6.00	1.19
2020	10	3	15	21	0	14.82	28.20	153.34	6.30	1.35
2020	10	3	15	51	0	14.82	28.12	155.61	6.50	1.32
2020	10	3	16	21	0	14.84	28.05	156.27	6.00	1.27
2020	10	3	16	51	0	14.86	28.00	152.15	6.30	1.27
2020	10	3	17	21	0	14.87	27.99	152.13	5.80	1.21
2020	10	3	18	21	0	14.90	28.02	154.40	5.50	1.19
2020	10	3	18	51	0	14.88	28.07	158.41	6.10	1.22
2020	10	3	19	21	0	14.84	28.22	132.54	5.70	1.24
2020	10	3	19	51	0	14.75	28.49	183.72	6.00	1.29
2020	10	3	20	21	0	14.69	28.77	205.01	6.00	1.29
2020	10	3	20	51	0	14.65	28.95	186.30	5.90	1.36
2020	10	3	21	21	0	14.63	29.06	187.90	6.30	1.28
2020	10	3	21	51	0	14.62	29.24	182.04	5.80	1.29
2020	10	3	22	21	0	14.59	29.37	169.72	6.00	1.28
2020	10	3	22	51	0	14.58	29.37	211.15	6.30	1.36
2020	10	3	23	21	0	14.57	29.37	206.75	6.70	1.45
2020	10	3	23	51	0	14.55	29.36	199.43	5.90	1.28
2020	10	4	0	21	0	14.54	29.36	153.68	5.80	1.27
2020	10	4	0	51	0	14.52	29.35	211.34	5.90	1.30
2020	10	4	1	21	0	14.50	29.33	193.75	6.30	1.30
2020	10	4	2	21	0	14.50	29.30	152.44	6.50	1.29
2020	10	4	2	51	0	14.48	29.30	206.64	6.20	1.29
2020	10	4	3	21	0	14.49	29.30	194.98	5.70	1.25
2020	10	4	3	51	0	14.46	29.31	166.49	6.50	1.33
2020	10	4	4	21	0	14.44	29.32	142.33	5.90	1.26
2020	10	4	4	51	0	14.42	29.32	140.59	6.10	1.19
2020	10	4	5	21	0	14.41	29.33	169.05	6.90	1.30
2020	10	4	5	51	0	14.40	29.33	199.22	6.20	1.24
2020	10	4	6	51	0	14.41	29.32	163.55	6.10	1.23
2020	10	4	7	21	0	14.40	29.31	168.03	6.10	1.24
2020	10	4	7	51	0	14.39	29.27	162.58	5.70	1.21
2020	10	4	8	21	0	14.40	29.28	161.60	6.00	1.33
2020	10	4	8	51	0	14.40	29.31	216.80	5.80	1.18
2020	10	4	9	21	0	14.40	29.31	136.50	5.40	1.17
2020	10	4	9	51	0	14.40	29.32	155.13	5.40	1.18
2020	10	4	10	21	0	14.39	29.32	151.22	5.90	1.23
2020	10	4	10	51	0	14.36	29.33	148.83	5.50	1.17
2020	10	4	11	21	0	14.38	29.30	152.30	5.80	1.22
2020	10	4	11	51	0	14.56	27.70	195.91	5.70	1.19
2020	10	4	12	21	0	14.61	27.03	267.84	6.20	1.26
2020	10	4	12	51	0	14.66	26.61	238.77	5.90	1.14
2020	10	4	13	51	0	14.62	26.57	172.15	5.70	1.18
2020	10	4	14	21	0	14.61	26.34	191.04	5.80	1.11
2020	10	4	14	51	0	14.60	26.60	198.39	5.70	1.07
2020	10	4	15	21	0	14.62	25.91	150.64	6.00	1.13
2020	10	4	15	51	0	14.71	25.22	152.11	5.70	1.12
2020	10	4	16	51	0	14.67	23.72	181.35	5.70	1.04
2020	10	4	17	21	0	14.68	23.41	168.28	6.10	1.08
2020	10	4	17	51	0	14.75	23.04	173.57	6.20	1.05
2020	10	4	20	51	0	14.90	18.60	201.59	6.20	1.09
2020	10	4	21	21	0	14.94	18.53	201.30	6.00	1.02
2020	10	4	21	51	0	14.97	17.98	213.39	6.10	1.07
2020	10	4	22	21	0	15.00	18.14	241.14	6.10	1.14
2020	10	4	22	51	0	15.05	17.60	251.66	6.20	1.09
2020	10	4	23	21	0	15.13	16.76	232.91	6.60	1.19
2020	10	5	0	21	0	15.17	15.26	246.56	6.30	1.08
2020	10	5	0	51	0	15.17	15.79	253.82	5.90	1.02
2020	10	5	1	21	0	15.17	15.72	273.13	6.20	1.14
2020	10	5	1	51	0	15.14	16.24	278.41	6.20	1.14
2020	10	5	2	21	0	15.12	16.28	282.41	6.30	1.14
2020	10	5	2	51	0	15.12	16.64	277.03	6.30	1.15
2020	10	5	3	21	0	15.14	16.02	265.62	6.30	1.16
2020	10	5	3	51	0	15.16	15.75	268.45	6.20	1.10
2020	10	5	4	21	0	15.16	15.51	271.26	6.10	1.00
2020	10	5	4	51	0	15.11	16.67	250.74	6.20	1.10
2020	10	5	5	21	0	15.08	17.80	271.68	6.10	1.09
2020	10	5	5	51	0	15.13	16.17	268.27	6.10	1.04
2020	10	5	6	21	0	15.14	15.86	254.72	5.90	1.10
2020	10	5	6	51	0	15.16	15.41	270.71	6.50	1.09
2020	10	5	7	51	0	15.16	13.55	271.49	6.00	0.96
2020	10	5	8	21	0	15.10	14.67	264.50	6.30	1.02
2020	10	5	8	51	0	15.11	14.47	259.61	6.10	0.91
2020	10	5	9	21	0	15.08	14.37	255.56	6.60	1.00
2020	10	5	9	51	0	15.09	14.56	237.15	7.10	1.04
2020	10	5	10	21	0	15.09	14.20	226.40	6.40	0.94
2020	10	5	10	51	0	15.09	13.94	212.16	7.00	1.06
2020	10	5	11	21	0	15.07	14.00	188.80	6.70	0.99
2020	10	5	11	51	0	15.08	13.75	225.00	7.20	1.02
2020	10	5	12	21	0	15.12	13.55	236.48	7.20	1.02
2020	10	5	12	51	0	15.15	13.58	237.50	6.90	1.03
2020	10	5	13	51	0	15.10	15.32	147.96	7.10	1.10
2020	10	5	14	21	0	15.25	16.13	144.38	7.10	1.09
2020	10	5	14	51	0	15.70	15.06	132.62	7.70	1.14
2020	10	5	15	21	0	15.94	14.32	131.41	7.40	1.07
2020	10	5	15	51	0	15.71	13.90	143.57	6.80	1.13
2020	10	5	16	21	0	15.52	14.42	146.60	6.60	1.10
2020	10	5	16	51	0	15.40	15.11	119.46	6.20	1.10
2020	10	5	17	21	0	15.35	15.74	108.44	5.80	1.02
2020	10	5	17	51	0	15.33	16.06	111.52	6.20	1.03
2020	10	5	18	21	0	15.29	16.50	108.43	6.40	1.03
2020	10	5	18	51	0	15.27	16.63	113.33	6.40	1.05
2020	10	5	19	21	0	15.35	16.79	125.29	6.10	0.94
2020	10	5	19	51	0	15.40	16.71	112.25	6.60	0.99
2020	10	5	20	51	0	15.38	16.22	129.82	5.90	0.83
2020	10	5	21	51	0	15.32	14.94	132.71	6.20	0.87
2020	10	5	22	21	0	15.31	15.02	138.90	6.60	0.91
2020	10	5	22	51	0	15.29	15.04	135.48	6.40	0.85
2020	10	5	23	21	0	15.34	14.85	133.05	6.40	0.89
2020	10	5	23	51	0	15.35	14.87	142.40	6.10	0.85
2020	10	6	0	21	0	15.33	14.48	132.12	5.40	0.85
2020	10	6	0	51	0	15.27	15.79	127.59	5.00	0.83
2020	10	6	2	21	0	15.00	22.08	127.68	4.40	0.89
2020	10	6	2	51	0	14.99	23.85	135.40	4.60	0.93
2020	10	6	3	51	0	14.96	25.76	140.71	4.30	0.96
2020	10	6	4	21	0	14.94	26.02	144.72	4.90	1.05
2020	10	6	4	51	0	14.93	26.24	147.11	4.60	1.03
2020	10	6	5	21	0	14.91	26.57	154.07	4.40	0.95
2020	10	6	5	51	0	14.88	26.78	159.85	4.50	0.93
2020	10	6	6	21	0	14.86	27.00	182.28	4.60	0.94
2020	10	6	6	51	0	14.84	27.15	180.26	4.80	0.93
2020	10	6	7	21	0	14.84	27.25	193.09	4.80	0.98
2020	10	6	7	51	0	14.82	27.39	179.56	4.80	0.97
2020	10	6	8	51	0	14.79	27.50	178.58	4.50	0.90
2020	10	6	9	51	0	14.77	27.58	195.01	4.80	0.84
2020	10	6	10	21	0	14.76	27.62	183.97	4.80	0.87
2020	10	6	10	51	0	14.76	27.64	179.39	5.00	0.92
2020	10	6	11	21	0	14.77	27.69	182.12	4.20	0.78
2020	10	6	11	51	0	14.77	27.73	183.29	4.30	0.78
2020	10	6	12	21	0	14.80	27.75	168.73	4.70	0.82
2020	10	6	12	51	0	14.83	27.76	167.33	4.40	0.76
2020	10	6	13	21	0	14.88	27.76	189.85	4.40	0.75
2020	10	6	13	51	0	14.87	27.75	188.21	4.60	0.81
2020	10	6	14	21	0	14.92	27.72	183.55	4.80	0.79
2020	10	6	14	51	0	14.94	27.70	182.71	5.00	0.78
2020	10	6	15	51	0	15.11	27.64	189.45	5.00	0.70
2020	10	6	16	51	0	15.28	27.55	180.22	5.40	0.77
2020	10	6	17	51	0	15.36	27.52	177.31	5.70	0.80
2020	10	6	18	21	0	15.31	27.55	162.58	5.70	0.78
2020	10	6	18	51	0	15.35	27.51	157.18	5.60	0.72
2020	10	6	20	21	0	15.00	27.49	157.38	5.60	0.75
2020	10	6	20	51	0	15.05	27.46	180.59	5.50	0.70
2020	10	6	21	51	0	15.11	27.48	171.95	5.40	0.65
2020	10	6	22	51	0	15.07	27.43	136.91	5.60	0.66
2020	10	6	23	21	0	15.11	27.42	152.13	6.20	0.71
2020	10	7	0	21	0	15.34	27.39	169.04	6.00	0.68
2020	10	7	0	51	0	15.40	27.30	166.54	6.30	0.71
2020	10	7	1	21	0	15.40	27.21	177.44	6.10	0.70
2020	10	7	1	51	0	15.38	27.08	179.85	5.80	0.68
2020	10	7	2	21	0	15.36	26.95	180.11	6.10	0.65
2020	10	7	2	51	0	15.34	26.82	175.72	6.00	0.66
2020	10	7	3	21	0	15.39	26.66	176.11	6.30	0.75
2020	10	7	3	51	0	15.38	26.50	178.21	5.50	0.65
2020	10	7	4	21	0	15.41	26.34	173.29	5.70	0.67
2020	10	7	4	51	0	15.42	26.17	208.81	6.30	0.69
2020	10	7	5	21	0	15.40	26.03	205.44	6.00	0.63
2020	10	7	5	51	0	15.36	25.90	203.57	6.10	0.68
2020	10	7	6	21	0	15.35	25.75	190.15	6.20	0.64
2020	10	7	6	51	0	15.34	25.61	184.93	6.10	0.67
2020	10	7	7	21	0	15.31	25.50	187.06	6.00	0.64
2020	10	7	7	51	0	15.34	25.37	188.72	6.90	0.74
2020	10	7	8	21	0	15.35	25.26	187.19	6.00	0.63
2020	10	7	8	51	0	15.37	25.14	189.95	6.80	0.76
2020	10	7	9	21	0	15.37	25.04	205.14	6.10	0.68
2020	10	7	9	51	0	15.35	24.92	200.74	6.10	0.67
2020	10	7	10	21	0	15.38	24.80	242.90	5.80	0.60
2020	10	7	10	51	0	15.46	24.69	216.42	6.00	0.66
2020	10	7	11	21	0	15.61	24.60	210.61	6.30	0.68
2020	10	7	11	51	0	15.68	24.53	215.56	6.50	0.73
2020	10	7	12	21	0	15.81	24.46	217.75	6.10	0.66
2020	10	7	12	51	0	15.94	24.37	207.72	6.30	0.72
2020	10	7	13	21	0	16.02	24.32	213.44	6.50	0.72
2020	10	7	13	51	0	16.09	24.24	210.02	6.10	0.67
2020	10	7	14	21	0	16.23	24.14	214.64	5.90	0.64
2020	10	7	14	51	0	16.28	24.08	215.40	5.80	0.62
2020	10	7	15	21	0	16.37	24.00	215.39	6.40	0.62
2020	10	7	15	51	0	16.50	23.96	258.88	6.10	0.62
2020	10	7	16	21	0	16.41	23.90	295.17	5.90	0.61
2020	10	7	16	51	0	16.48	23.79	247.58	5.90	0.62
2020	10	7	17	21	0	16.76	23.68	215.17	6.40	0.64
2020	10	7	17	51	0	16.95	23.64	210.09	5.90	0.56
2020	10	7	18	21	0	17.12	23.60	208.47	6.40	0.63
2020	10	7	18	51	0	16.81	23.68	200.61	5.80	0.56
2020	10	7	19	21	0	16.50	23.63	213.03	6.00	0.56
2020	10	7	19	51	0	16.06	23.62	221.22	5.70	0.54
2020	10	7	20	21	0	15.84	23.50	220.12	6.00	0.59
2020	10	7	20	51	0	15.68	23.41	235.81	6.10	0.54
2020	10	7	21	21	0	15.59	23.34	233.21	5.80	0.55
2020	10	7	21	51	0	15.50	23.28	237.49	6.10	0.57
2020	10	7	22	21	0	15.49	23.19	243.54	6.10	0.56
2020	10	7	22	51	0	15.49	23.13	192.68	5.80	0.50
2020	10	7	23	21	0	15.52	23.07	177.07	5.80	0.54
2020	10	7	23	51	0	15.57	23.00	170.31	6.10	0.55
2020	10	8	0	21	0	15.56	22.96	179.44	5.70	0.48
2020	10	8	0	51	0	15.53	22.93	173.12	5.40	0.48
2020	10	8	1	21	0	15.56	22.83	186.91	6.10	0.53
2020	10	8	1	51	0	15.56	22.79	214.28	6.20	0.57
2020	10	8	2	21	0	15.52	22.78	208.15	5.80	0.49
2020	10	8	2	51	0	15.45	22.74	209.08	6.20	0.51
2020	10	8	3	21	0	15.52	22.65	230.84	6.10	0.54
2020	10	8	3	51	0	15.49	22.64	223.82	6.40	0.52
2020	10	8	4	21	0	15.47	22.62	224.59	5.90	0.44
2020	10	8	4	51	0	15.04	22.69	243.66	6.10	0.48
2020	10	8	5	21	0	15.05	22.53	236.52	6.20	0.48
2020	10	8	5	51	0	15.11	22.47	217.78	6.40	0.46
2020	10	8	6	21	0	15.05	22.47	218.96	6.40	0.47
2020	10	8	6	51	0	15.24	22.45	214.07	6.10	0.42
2020	10	8	7	21	0	14.65	22.57	229.60	6.50	0.47
2020	10	8	7	51	0	14.53	22.45	234.11	6.20	0.44
2020	10	8	8	21	0	14.84	22.28	232.81	6.20	0.43
2020	10	8	8	51	0	14.48	22.32	231.09	6.40	0.46
2020	10	8	9	21	0	14.61	22.14	219.98	6.60	0.47
2020	10	8	9	51	0	14.86	22.03	246.53	6.10	0.43
2020	10	8	10	21	0	15.15	21.94	220.44	6.20	0.44
2020	10	8	10	51	0	15.22	21.92	209.08	5.60	0.44
2020	10	8	11	21	0	15.34	21.85	222.38	4.90	0.41
2020	10	8	11	51	0	15.49	21.74	226.92	5.50	0.44
2020	10	8	12	21	0	15.64	21.65	281.39	5.20	0.42
2020	10	8	12	51	0	15.77	21.52	260.91	4.30	0.43
2020	10	8	13	21	0	15.92	21.28	221.88	4.10	0.47
2020	10	8	13	51	0	15.98	20.99	233.98	4.00	0.47
2020	10	8	14	21	0	16.08	20.68	214.64	3.90	0.53
2020	10	8	14	51	0	16.27	20.51	214.60	4.20	0.56
2020	10	8	15	21	0	16.45	20.31	194.72	4.00	0.53
2020	10	8	15	51	0	16.58	20.25	177.14	3.80	0.49
2020	10	8	16	21	0	16.76	20.26	198.23	4.10	0.50
2020	10	8	16	51	0	16.62	20.32	174.97	4.20	0.50
2020	10	8	17	21	0	16.62	20.28	202.88	4.50	0.52
2020	10	8	17	51	0	16.78	20.25	201.46	4.70	0.53
2020	10	8	18	21	0	16.75	20.28	238.41	4.50	0.50
2020	10	8	18	51	0	16.70	20.29	251.45	4.30	0.50
2020	10	8	19	21	0	17.11	20.16	210.66	4.50	0.51
2020	10	8	19	51	0	17.66	20.27	166.47	4.10	0.49
2020	10	8	20	21	0	17.45	20.27	176.50	4.30	0.54
2020	10	8	20	51	0	17.06	20.22	171.07	4.10	0.56
2020	10	8	21	21	0	16.87	20.01	187.87	4.00	0.58
2020	10	8	21	51	0	16.69	19.90	177.78	3.90	0.52
2020	10	8	22	21	0	16.41	19.80	176.40	3.80	0.53
2020	10	8	22	51	0	16.32	19.61	180.42	3.70	0.53
2020	10	8	23	21	0	16.21	19.52	181.00	4.10	0.56
2020	10	8	23	51	0	16.01	19.41	164.10	4.30	0.56
2020	10	9	0	21	0	15.89	19.34	186.62	4.40	0.58
2020	10	9	0	51	0	15.58	19.33	186.97	4.50	0.57
2020	10	9	1	21	0	15.69	19.24	190.99	4.80	0.55
2020	10	9	1	51	0	15.66	19.24	230.31	4.70	0.54
2020	10	9	2	21	0	15.63	19.23	219.81	4.80	0.54
2020	10	9	2	51	0	15.54	19.23	209.98	4.90	0.55
2020	10	9	3	21	0	15.53	19.20	212.04	4.80	0.52
2020	10	9	3	51	0	15.56	19.15	199.44	5.00	0.54
2020	10	9	4	21	0	15.54	19.11	206.39	5.00	0.50
2020	10	9	4	51	0	15.67	19.08	179.18	4.90	0.49
2020	10	9	5	21	0	15.78	19.01	176.24	5.00	0.49
2020	10	9	5	51	0	15.67	19.00	195.84	4.90	0.47
2020	10	9	6	21	0	15.79	18.94	183.75	5.20	0.47
2020	10	9	6	51	0	15.75	18.93	195.73	5.50	0.47
2020	10	9	7	21	0	15.45	18.99	188.52	5.40	0.44
2020	10	9	7	51	0	15.55	18.89	191.07	5.90	0.50
2020	10	9	8	21	0	15.62	18.87	212.87	5.70	0.45
2020	10	9	8	51	0	15.72	18.86	245.83	5.50	0.42
2020	10	9	9	21	0	15.74	18.85	198.89	5.70	0.44
2020	10	9	9	51	0	15.47	18.88	226.78	6.00	0.49
2020	10	9	10	21	0	15.77	18.79	216.15	5.70	0.46
2020	10	9	10	51	0	15.14	18.93	237.92	6.00	0.49
2020	10	9	11	21	0	15.44	18.75	195.47	5.80	0.44
2020	10	9	11	51	0	15.88	18.73	200.88	6.10	0.44
2020	10	9	12	21	0	16.29	18.70	198.39	5.80	0.45
2020	10	9	13	21	0	16.98	18.72	199.66	5.90	0.45
2020	10	9	14	21	0	17.80	18.67	215.11	6.10	0.47
2020	10	9	14	51	0	17.10	18.78	207.32	6.20	0.46
2020	10	9	15	21	0	17.14	18.70	225.01	6.10	0.43
2020	10	9	15	51	0	17.05	18.74	224.06	5.10	0.42
2020	10	9	16	21	0	17.00	18.72	232.85	4.90	0.47
2020	10	9	16	51	0	16.86	18.76	238.90	4.90	0.40
2020	10	9	17	21	0	17.02	18.70	254.89	5.70	0.40
2020	10	9	17	51	0	17.21	18.71	282.98	6.20	0.38
2020	10	9	18	51	0	18.90	18.65	261.84	6.40	0.37
2020	10	9	19	21	0	18.95	18.74	219.89	6.40	0.36
2020	10	9	19	51	0	17.69	19.14	217.06	6.30	0.34
2020	10	9	20	21	0	16.45	18.90	210.96	6.20	0.33
2020	10	9	21	21	0	15.99	18.76	228.21	6.20	0.35
2020	10	9	21	51	0	16.05	18.73	227.91	6.10	0.35
2020	10	9	22	21	0	15.85	18.76	198.42	4.40	0.30
2020	10	9	22	51	0	15.63	18.78	189.36	3.60	0.37
2020	10	9	23	51	0	15.75	18.74	165.83	3.50	0.53
2020	10	10	0	21	0	15.65	18.70	194.36	3.60	0.63
2020	10	10	0	51	0	15.71	18.66	198.95	3.80	0.54
2020	10	10	1	51	0	16.23	18.69	188.10	4.10	0.53
2020	10	10	3	21	0	15.76	18.66	183.51	3.70	0.60
2020	10	10	3	51	0	15.67	18.63	171.77	3.60	0.59
2020	10	10	4	21	0	15.58	18.62	157.04	3.40	0.55
2020	10	10	4	51	0	15.52	18.61	164.07	3.50	0.59
2020	10	10	5	21	0	15.48	18.60	140.14	3.50	0.59
2020	10	10	5	51	0	15.44	18.61	128.26	3.40	0.62
2020	10	10	6	21	0	15.37	18.61	128.99	3.50	0.63
2020	10	10	6	51	0	15.28	18.62	185.74	3.60	0.64
2020	10	10	7	21	0	15.19	18.62	138.69	3.40	0.60
2020	10	10	7	51	0	15.07	18.61	119.21	3.50	0.60
2020	10	10	8	21	0	15.01	18.61	125.25	3.50	0.60
2020	10	10	9	21	0	15.03	18.60	153.48	3.50	0.61
2020	10	10	9	51	0	15.05	18.60	142.78	3.70	0.62
2020	10	10	10	21	0	15.15	18.58	160.03	3.70	0.61
2020	10	10	10	51	0	15.24	18.61	166.25	3.80	0.64
2020	10	10	11	21	0	15.47	18.91	175.92	4.00	0.67
2020	10	10	11	51	0	15.66	19.74	159.31	4.00	0.68
2020	10	10	12	21	0	15.72	20.43	153.61	3.80	0.62
2020	10	10	12	51	0	15.74	20.98	153.31	4.10	0.65
2020	10	10	13	21	0	15.77	20.95	152.80	4.00	0.66
2020	10	10	13	51	0	15.76	20.93	184.85	3.80	0.64
2020	10	10	14	21	0	15.78	20.94	196.43	3.90	0.66
2020	10	10	14	51	0	15.75	21.03	193.11	4.10	0.65
2020	10	10	15	51	0	15.83	21.03	160.28	4.10	0.58
2020	10	10	16	51	0	15.93	21.02	190.22	4.50	0.61
2020	10	10	17	51	0	16.01	21.03	259.09	4.40	0.58
2020	10	10	18	21	0	16.08	21.00	273.05	4.20	0.55
2020	10	10	18	51	0	16.06	21.01	218.18	4.00	0.53
2020	10	10	19	21	0	15.91	21.08	215.56	4.10	0.52
2020	10	10	19	51	0	15.90	21.05	138.93	4.00	0.52
2020	10	10	20	21	0	16.05	21.03	240.14	4.10	0.52
2020	10	10	20	51	0	15.98	21.05	104.99	4.10	0.51
2020	10	10	21	21	0	16.01	21.04	228.19	4.10	0.51
2020	10	10	22	51	0	15.91	21.06	186.46	4.00	0.45
2020	10	10	23	21	0	15.85	21.07	246.49	3.90	0.47
2020	10	11	5	51	0	16.18	21.20	183.81	4.20	0.45
2020	10	11	6	21	0	16.18	21.21	267.33	4.40	0.50
2020	10	11	6	51	0	16.21	21.21	243.88	4.60	0.49
2020	10	11	7	51	0	16.30	21.23	188.95	4.70	0.42
2020	10	11	8	21	0	16.32	21.22	191.94	4.90	0.42
2020	10	11	10	51	0	16.35	21.22	224.59	4.90	0.36
2020	10	11	11	21	0	16.41	21.24	217.35	4.90	0.38
2020	10	11	11	51	0	16.50	21.21	226.73	5.10	0.37
2020	10	11	12	21	0	16.63	21.20	246.85	5.30	0.39
2020	10	11	12	51	0	17.07	21.13	241.32	5.60	0.38
2020	10	11	13	21	0	17.25	21.22	225.90	5.30	0.36
2020	10	11	13	51	0	17.22	21.24	269.75	5.30	0.35
2020	10	11	14	21	0	17.33	21.21	253.91	5.30	0.37
2020	10	11	14	51	0	17.27	21.25	258.38	5.40	0.39
2020	10	11	15	21	0	17.36	21.22	250.09	4.80	0.35
2020	10	11	15	51	0	17.22	21.28	253.77	4.40	0.36
2020	10	11	16	21	0	17.16	21.24	217.44	4.50	0.37
2020	10	11	16	51	0	17.11	21.15	207.54	4.40	0.39
2020	10	11	17	51	0	17.12	16.19	212.02	3.80	0.42
2020	10	11	18	21	0	17.15	16.11	208.40	3.90	0.47
2020	10	11	18	51	0	17.06	16.38	201.72	3.80	0.52
2020	10	11	19	21	0	17.05	16.57	210.12	4.10	0.57
2020	10	11	19	51	0	16.99	16.41	210.98	4.10	0.55
2020	10	11	20	21	0	16.78	17.02	200.77	4.20	0.53
2020	10	11	20	51	0	16.61	17.20	205.30	4.20	0.55
2020	10	11	21	21	0	16.40	18.17	214.38	4.30	0.58
2020	10	11	21	51	0	16.39	18.10	196.99	4.40	0.51
2020	10	11	22	21	0	16.43	17.56	208.64	4.60	0.50
2020	10	11	22	51	0	16.50	16.22	229.90	4.40	0.47
2020	10	11	23	21	0	16.55	15.90	224.06	4.70	0.52
2020	10	11	23	51	0	16.64	15.75	243.75	4.90	0.46
2020	10	12	0	21	0	16.60	15.82	254.44	4.90	0.51
2020	10	12	0	51	0	16.63	16.41	238.00	4.80	0.49
2020	10	12	1	51	0	16.62	15.76	251.17	5.30	0.56
2020	10	12	2	51	0	16.63	16.42	232.43	5.30	0.54
2020	10	12	3	21	0	16.47	16.66	231.06	5.20	0.57
2020	10	12	3	51	0	16.40	17.36	222.19	5.00	0.53
2020	10	12	4	21	0	16.50	17.31	240.82	5.10	0.54
2020	10	12	4	51	0	16.49	16.83	249.23	5.20	0.59
2020	10	12	5	51	0	16.40	17.25	237.84	5.40	0.57
2020	10	12	7	21	0	16.46	17.77	224.50	5.80	0.61
2020	10	12	7	51	0	16.46	17.55	212.89	5.70	0.58
2020	10	12	8	51	0	16.49	17.43	216.82	5.70	0.54
2020	10	12	9	51	0	16.45	17.08	230.13	5.90	0.56
2020	10	12	10	21	0	16.47	17.03	224.12	5.60	0.57
2020	10	12	10	51	0	16.57	17.07	236.50	5.20	0.55
2020	10	12	11	21	0	16.72	17.04	240.48	5.40	0.57
2020	10	12	11	51	0	16.81	16.93	250.12	4.80	0.51
2020	10	12	12	51	0	17.02	16.73	252.38	6.10	0.64
2020	10	12	13	21	0	17.11	16.84	242.11	5.60	0.59
2020	10	12	13	51	0	17.30	16.90	242.93	6.00	0.67
2020	10	12	14	21	0	17.53	16.98	240.75	5.70	0.67
2020	10	12	15	21	0	17.65	17.23	304.53	5.30	0.66
2020	10	12	15	51	0	17.63	18.52	217.79	5.40	0.69
2020	10	12	16	21	0	17.68	19.39	325.04	5.70	0.72
2020	10	12	17	51	0	17.76	21.99	325.04	4.90	0.68
2020	10	12	18	51	0	16.86	24.60	253.58	4.20	0.62
2020	10	12	19	51	0	16.88	25.35	186.16	4.10	0.72
2020	10	12	20	21	0	16.81	25.54	126.75	4.20	0.77
2020	10	12	20	51	0	16.65	25.65	191.82	4.40	0.84
2020	10	12	21	21	0	16.60	25.67	171.24	4.20	0.73
2020	10	12	21	51	0	16.58	25.73	115.13	4.20	0.72
2020	10	12	22	21	0	16.63	25.68	249.10	4.30	0.70
2020	10	12	22	51	0	16.55	25.72	190.88	4.00	0.63
2020	10	13	0	51	0	16.66	25.65	131.25	4.30	0.63
2020	10	13	1	21	0	16.70	25.59	99.35	4.40	0.64
2020	10	13	2	21	0	16.78	25.08	177.49	4.60	0.59
2020	10	13	2	51	0	16.77	24.62	199.81	4.40	0.57
2020	10	13	3	21	0	16.75	24.23	95.79	4.80	0.59
2020	10	13	3	51	0	16.71	23.93	167.19	5.10	0.58
2020	10	13	4	21	0	16.71	23.69	129.78	4.90	0.57
2020	10	13	5	21	0	16.65	23.13	195.60	5.60	0.63
2020	10	13	5	51	0	16.73	21.90	235.30	5.20	0.59
2020	10	13	6	21	0	16.86	19.83	195.53	5.40	0.60
2020	10	13	6	51	0	16.99	17.69	181.69	5.50	0.61
2020	10	13	7	21	0	16.89	16.67	159.68	5.20	0.57
2020	10	13	7	51	0	16.74	16.72	168.87	5.00	0.52
2020	10	13	8	51	0	16.38	17.06	196.28	4.90	0.55
2020	10	13	9	21	0	16.31	17.72	276.11	5.20	0.60
2020	10	13	10	21	0	16.23	19.62	264.53	5.10	0.54
2020	10	13	10	51	0	16.20	19.98	209.17	4.90	0.57
2020	10	13	11	21	0	16.19	20.21	245.71	4.40	0.51
2020	10	13	11	51	0	16.34	19.64	271.49	4.90	0.57
2020	10	13	12	21	0	16.43	19.18	283.68	4.60	0.52
2020	10	13	12	51	0	16.54	19.12	316.57	5.00	0.57
2020	10	13	13	51	0	16.75	18.98	330.64	4.60	0.52
2020	10	13	14	21	0	16.80	18.90	276.82	4.90	0.52
2020	10	13	14	51	0	16.78	19.03	301.14	4.80	0.54
2020	10	13	15	21	0	16.52	19.39	280.43	4.70	0.53
2020	10	13	15	51	0	16.60	19.92	311.43	4.40	0.50
2020	10	13	16	21	0	16.79	20.54	335.14	4.90	0.52
2020	10	13	16	51	0	16.96	20.99	346.20	4.90	0.50
2020	10	13	18	21	0	17.11	22.25	234.11	5.40	0.56
2020	10	13	18	51	0	17.13	22.45	249.67	5.10	0.50
2020	10	13	19	21	0	17.09	22.60	213.16	5.20	0.50
2020	10	13	19	51	0	17.68	22.55	144.22	5.30	0.47
2020	10	13	20	21	0	17.57	22.89	169.17	5.00	0.47
2020	10	13	20	51	0	17.41	22.98	138.46	5.00	0.46
2020	10	13	21	51	0	17.80	22.67	211.49	5.00	0.42
2020	10	13	22	21	0	17.62	22.64	193.87	5.20	0.45
2020	10	13	22	51	0	17.44	22.43	72.80	5.00	0.43
2020	10	13	23	21	0	17.44	22.28	174.33	5.10	0.45
2020	10	13	23	51	0	17.36	22.00	158.48	4.60	0.40
2020	10	14	0	21	0	17.25	21.76	207.91	5.20	0.46
2020	10	14	0	51	0	17.91	21.56	276.57	5.20	0.42
2020	10	14	1	21	0	17.58	21.80	286.66	5.30	0.44
2020	10	14	1	51	0	16.84	20.63	297.78	5.60	0.48
2020	10	14	2	21	0	16.67	19.95	282.37	5.30	0.45
2020	10	14	3	21	0	16.70	19.62	273.10	5.50	0.45
2020	10	14	4	21	0	16.48	19.48	260.33	6.00	0.48
2020	10	14	5	51	0	16.76	17.67	214.80	6.20	0.44
2020	10	14	6	51	0	16.81	17.85	211.62	5.80	0.39
2020	10	14	7	21	0	16.80	17.88	202.44	6.30	0.43
2020	10	14	7	51	0	16.74	17.64	209.28	6.30	0.46
2020	10	14	9	51	0	16.34	17.66	272.17	6.20	0.44
2020	10	14	10	21	0	16.21	18.01	273.56	6.70	0.50
2020	10	14	11	21	0	16.44	18.79	208.95	7.10	0.53
2020	10	14	11	51	0	16.41	18.19	211.89	7.70	0.53
2020	10	14	12	21	0	16.80	17.85	194.34	7.60	0.57
2020	10	14	12	51	0	17.36	17.69	167.16	7.20	0.60
2020	10	14	13	21	0	17.48	17.52	216.62	7.20	0.55
2020	10	14	13	51	0	17.64	17.33	186.52	7.00	0.53
2020	10	14	14	21	0	17.77	16.90	167.16	7.20	0.53
2020	10	14	14	51	0	18.10	16.38	148.43	7.60	0.62
2020	10	14	15	21	0	18.25	15.76	129.41	7.50	0.64
2020	10	14	15	51	0	18.31	15.44	150.52	6.90	0.52
2020	10	14	16	21	0	18.53	15.50	174.94	6.80	0.55
2020	10	14	16	51	0	18.87	15.74	177.82	6.70	0.51
2020	10	14	17	21	0	18.77	16.09	147.75	6.30	0.51
2020	10	14	17	51	0	18.73	17.09	156.27	5.80	0.50
2020	10	14	18	21	0	19.52	17.57	186.51	5.70	0.50
2020	10	14	18	51	0	18.56	18.29	190.19	5.60	0.54
2020	10	14	19	51	0	18.68	18.79	213.23	5.60	0.56
2020	10	14	20	21	0	18.54	19.40	217.35	5.40	0.58
2020	10	15	4	51	0	16.76	15.85	215.55	6.50	0.62
2020	10	15	5	21	0	16.80	15.65	191.97	7.00	0.69
2020	10	15	5	51	0	16.78	15.43	197.87	7.10	0.66
2020	10	15	6	21	0	16.76	15.43	217.29	6.90	0.62
2020	10	15	6	51	0	16.69	15.84	197.59	6.80	0.72
2020	10	15	7	21	0	16.68	16.26	189.90	6.50	0.65
2020	10	15	7	51	0	16.78	16.26	192.55	5.80	0.63
2020	10	15	8	21	0	16.83	15.97	197.24	6.00	0.69
2020	10	15	8	51	0	16.72	15.67	191.40	5.70	0.66
2020	10	15	9	51	0	16.79	15.40	211.23	5.40	0.63
2020	10	15	10	21	0	16.78	15.61	205.22	5.90	0.71
2020	10	15	11	51	0	17.08	16.32	200.06	5.50	0.66
2020	10	15	12	21	0	17.36	16.40	190.60	5.60	0.62
2020	10	15	12	51	0	17.78	16.49	201.46	5.80	0.70
2020	10	15	13	21	0	17.83	15.88	222.03	5.50	0.64
2020	10	15	13	51	0	17.83	15.83	222.12	5.30	0.64
2020	10	15	14	21	0	18.18	15.76	216.52	5.80	0.69
2020	10	15	14	51	0	18.54	15.99	232.21	6.40	0.78
2020	10	15	15	51	0	18.87	16.91	190.59	5.70	0.70
2020	10	15	16	51	0	17.51	19.18	204.42	5.70	0.71
2020	10	15	17	21	0	17.98	19.50	213.42	5.60	0.70
2020	10	15	17	51	0	19.62	19.83	275.79	5.40	0.65
2020	10	15	18	21	0	19.47	20.18	271.35	5.60	0.70
2020	10	15	18	51	0	19.47	21.34	252.67	5.40	0.69
2020	10	15	19	51	0	18.99	22.03	289.24	5.40	0.72
2020	10	15	20	21	0	19.99	21.78	148.52	4.90	0.69
2020	10	15	20	51	0	20.09	21.91	114.00	4.60	0.66
2020	10	15	21	21	0	19.74	21.92	103.70	5.70	0.81
2020	10	15	21	51	0	19.28	21.88	122.85	5.20	0.78
2020	10	15	22	51	0	18.76	21.89	102.44	5.70	0.86
2020	10	15	23	21	0	18.68	22.00	116.60	5.20	0.74
2020	10	15	23	51	0	18.64	22.01	122.71	5.20	0.71
2020	10	16	0	21	0	18.61	21.89	107.75	4.80	0.71
2020	10	16	0	51	0	18.52	21.75	172.09	5.00	0.73
2020	10	16	1	21	0	18.59	21.68	170.96	5.30	0.74
2020	10	16	1	51	0	18.61	21.66	184.00	5.40	0.77
2020	10	16	2	21	0	18.57	21.55	158.63	5.20	0.69
2020	10	16	2	51	0	18.39	21.49	160.85	5.10	0.68
2020	10	16	3	21	0	18.26	21.33	198.30	5.00	0.66
2020	10	16	3	51	0	18.22	20.56	294.29	5.30	0.70
2020	10	16	4	51	0	18.40	19.02	127.86	5.30	0.72
2020	10	16	5	51	0	18.31	18.64	87.88	5.50	0.70
2020	10	16	6	51	0	18.25	18.47	242.04	5.50	0.68
2020	10	16	7	51	0	18.14	18.42	128.08	5.60	0.66
2020	10	16	8	51	0	17.81	17.50	154.36	5.50	0.66
2020	10	16	9	51	0	17.16	17.80	139.61	5.50	0.63
2020	10	16	10	21	0	17.02	17.97	228.07	6.00	0.69
2020	10	16	10	51	0	16.88	18.31	122.24	5.50	0.68
2020	10	16	11	21	0	16.80	18.82	104.65	5.60	0.67
2020	10	16	11	51	0	16.80	19.25	186.69	5.10	0.63
2020	10	16	12	51	0	17.17	19.56	181.22	5.40	0.60
2020	10	16	13	51	0	17.23	19.46	172.53	5.70	0.67
2020	10	16	14	21	0	17.25	19.34	182.64	6.00	0.75
2020	10	16	14	51	0	17.27	19.12	196.38	5.40	0.63
2020	10	16	15	21	0	17.36	18.88	198.21	5.50	0.72
2020	10	16	15	51	0	17.24	18.51	197.01	5.50	0.71
2020	10	16	16	51	0	17.30	18.36	240.53	5.30	0.72
2020	10	16	17	21	0	17.43	18.34	219.88	5.30	0.75
2020	10	16	17	51	0	17.79	18.20	208.57	4.70	0.67
2020	10	16	18	21	0	18.20	18.09	216.49	5.10	0.68
2020	10	16	18	51	0	18.23	17.77	206.86	5.10	0.75
2020	10	16	19	21	0	18.00	17.44	219.30	5.10	0.71
2020	10	16	19	51	0	17.85	17.53	211.44	5.00	0.68
2020	10	16	20	21	0	17.65	17.50	216.32	5.20	0.76
2020	10	16	20	51	0	17.67	17.44	222.72	5.30	0.76
2020	10	16	22	21	0	17.93	17.24	212.66	5.20	0.77
2020	10	16	23	21	0	17.58	17.00	241.27	5.20	0.78
2020	10	17	1	51	0	17.36	18.20	222.42	4.80	0.73
2020	10	17	2	21	0	17.39	18.09	198.81	5.20	0.81
2020	10	17	5	51	0	17.53	17.27	219.59	5.80	0.75
2020	10	17	7	21	0	17.37	16.30	216.85	5.90	0.70
2020	10	17	7	51	0	17.44	16.19	232.19	6.00	0.71
2020	10	17	8	21	0	17.26	16.20	229.25	5.80	0.72
2020	10	17	8	51	0	17.38	16.27	237.60	5.80	0.68
2020	10	17	9	51	0	17.52	16.21	235.22	5.80	0.70
2020	10	17	10	21	0	17.44	16.20	227.32	6.30	0.79
2020	10	17	10	51	0	17.49	16.14	255.99	6.00	0.74
2020	10	17	11	21	0	17.39	16.18	243.46	6.30	0.75
2020	10	17	11	51	0	17.33	16.25	267.98	6.10	0.72
2020	10	17	12	21	0	17.44	16.36	278.17	6.40	0.77
2020	10	17	12	51	0	17.33	16.51	300.19	6.10	0.77
2020	10	17	13	21	0	17.19	16.91	274.68	5.80	0.74
2020	10	17	13	51	0	17.19	17.17	239.42	5.70	0.69
2020	10	17	14	21	0	17.31	17.33	229.75	5.90	0.75
2020	10	17	14	51	0	17.41	17.42	206.41	5.80	0.74
2020	10	17	15	21	0	17.38	17.45	207.48	5.80	0.71
2020	10	17	15	51	0	17.36	17.48	205.63	5.70	0.72
2020	10	17	16	21	0	17.26	17.64	237.95	5.60	0.72
2020	10	17	16	51	0	17.42	17.70	229.76	5.40	0.71
2020	10	17	17	21	0	17.15	17.84	231.60	5.40	0.74
2020	10	17	17	51	0	17.13	17.94	225.31	5.40	0.73
2020	10	17	18	21	0	17.23	18.02	235.13	5.50	0.74
2020	10	17	18	51	0	17.11	18.23	225.77	5.60	0.74
2020	10	17	19	21	0	17.05	18.55	224.84	5.40	0.71
2020	10	17	19	51	0	16.93	18.96	280.63	5.50	0.73
2020	10	17	20	21	0	16.91	19.35	286.52	5.10	0.73
2020	10	17	20	51	0	16.96	19.48	316.15	5.00	0.74
2020	10	17	21	21	0	16.97	19.30	278.11	5.50	0.77
2020	10	17	21	51	0	17.08	19.15	222.48	5.10	0.75
2020	10	17	22	21	0	17.09	18.86	224.20	4.90	0.70
2020	10	17	22	51	0	17.15	18.71	214.31	4.90	0.62
2020	10	17	23	21	0	17.05	18.64	252.92	5.40	0.66
2020	10	17	23	51	0	16.92	18.98	262.54	5.50	0.75
2020	10	18	0	21	0	16.85	19.48	275.07	5.30	0.65
2020	10	18	0	51	0	16.93	20.06	181.11	5.20	0.66
2020	10	18	1	21	0	17.09	19.44	158.46	5.70	0.76
2020	10	18	1	51	0	16.97	19.56	164.84	5.60	0.74
2020	10	18	2	21	0	17.09	19.27	174.45	5.20	0.65
2020	10	18	2	51	0	16.99	18.80	198.24	5.30	0.65
2020	10	18	3	21	0	16.99	19.30	225.96	5.40	0.68
2020	10	18	3	51	0	17.02	19.28	272.55	5.30	0.66
2020	10	18	4	21	0	17.05	19.09	241.80	5.40	0.67
2020	10	18	4	51	0	17.00	19.04	259.18	5.50	0.68
2020	10	18	5	21	0	16.94	18.82	239.92	5.20	0.66
2020	10	18	5	51	0	16.85	19.26	168.96	5.60	0.72
2020	10	18	6	21	0	16.92	19.47	260.48	5.40	0.74
2020	10	18	6	51	0	16.81	19.54	208.99	5.30	0.73
2020	10	18	7	21	0	16.80	19.79	126.37	5.30	0.68
2020	10	18	7	51	0	16.92	19.52	245.74	5.30	0.71
2020	10	18	8	21	0	16.89	19.34	251.49	5.80	0.76
2020	10	18	8	51	0	17.05	19.45	276.66	5.40	0.68
2020	10	18	9	21	0	17.26	19.01	288.73	5.90	0.75
2020	10	18	9	51	0	17.44	18.53	285.80	6.00	0.73
2020	10	18	10	21	0	17.69	18.39	251.93	6.00	0.77
2020	10	18	10	51	0	18.17	18.15	185.13	6.20	0.80
2020	10	18	11	21	0	18.17	18.02	272.85	5.90	0.73
2020	10	18	11	51	0	18.11	17.81	309.45	5.80	0.70
2020	10	18	12	21	0	18.03	17.50	301.15	6.00	0.76
2020	10	18	12	51	0	17.94	17.37	317.88	5.90	0.74
2020	10	18	13	21	0	17.94	17.59	321.90	5.80	0.72
2020	10	18	13	51	0	18.05	17.55	299.37	5.60	0.72
2020	10	18	14	21	0	20.27	17.41	167.55	5.70	0.69
2020	10	18	14	51	0	18.38	18.13	131.64	5.70	0.67
2020	10	18	15	21	0	17.83	17.38	223.52	5.70	0.68
2020	10	18	15	51	0	17.66	17.13	257.99	5.90	0.76
2020	10	18	16	21	0	17.96	17.12	289.51	6.00	0.71
2020	10	18	16	51	0	17.66	17.21	298.70	6.10	0.73
2020	10	18	17	21	0	17.62	17.36	299.30	5.40	0.72
2020	10	18	17	51	0	17.51	17.49	258.90	5.70	0.73
2020	10	18	18	21	0	17.62	17.64	280.66	5.50	0.78
2020	10	18	18	51	0	17.53	17.93	273.97	5.40	0.72
2020	10	18	19	21	0	17.42	18.22	214.67	4.80	0.68
2020	10	18	19	51	0	17.40	18.73	235.67	5.20	0.74
2020	10	18	20	21	0	17.43	19.20	190.10	5.00	0.74
2020	10	18	20	51	0	17.42	19.47	188.67	5.10	0.78
2020	10	18	21	21	0	17.57	19.21	181.95	4.80	0.76
2020	10	18	21	51	0	17.48	18.69	183.01	5.00	0.74
2020	10	18	22	21	0	17.95	18.04	180.68	4.80	0.66
2020	10	18	22	51	0	18.40	16.06	204.74	5.10	0.67
2020	10	18	23	21	0	18.84	14.66	194.17	4.90	0.61
2020	10	18	23	51	0	18.78	14.01	174.74	5.10	0.64
2020	10	19	0	21	0	18.65	14.00	162.71	4.70	0.61
2020	10	19	0	51	0	18.43	14.55	170.46	4.80	0.67
2020	10	19	1	21	0	18.11	15.87	168.85	4.90	0.69
2020	10	19	1	51	0	17.86	17.54	204.97	4.60	0.67
2020	10	19	2	21	0	17.74	18.45	175.60	4.60	0.66
2020	10	19	2	51	0	17.34	19.13	192.93	4.70	0.73
2020	10	19	3	21	0	17.17	19.59	172.65	4.70	0.68
2020	10	19	3	51	0	17.19	19.82	147.82	4.80	0.68
2020	10	19	4	21	0	17.22	20.12	143.67	4.90	0.73
2020	10	19	4	51	0	17.24	20.54	124.32	4.80	0.65
2020	10	19	5	21	0	17.31	20.87	114.76	5.00	0.68
2020	10	19	5	51	0	17.42	20.81	196.66	5.00	0.68
2020	10	19	6	21	0	17.41	20.66	119.73	5.10	0.69
2020	10	19	6	51	0	17.42	20.63	95.39	5.10	0.66
2020	10	19	7	21	0	17.49	20.47	186.18	5.50	0.72
2020	10	19	7	51	0	17.40	20.44	148.95	5.30	0.66
2020	10	19	8	21	0	17.37	20.51	147.50	5.50	0.71
2020	10	19	8	51	0	17.36	20.62	132.22	5.70	0.72
2020	10	19	9	21	0	17.22	20.78	226.77	5.50	0.73
2020	10	19	9	51	0	17.38	20.69	199.59	6.00	0.74
2020	10	19	10	21	0	17.67	20.11	223.28	5.90	0.71
2020	10	19	10	51	0	17.70	19.10	280.35	5.60	0.66
2020	10	19	11	21	0	17.93	18.37	209.85	6.00	0.73
2020	10	19	11	51	0	18.43	17.70	221.33	6.10	0.77
2020	10	19	12	21	0	18.83	16.64	260.84	6.10	0.77
2020	10	19	12	51	0	19.12	15.88	204.53	6.60	0.83
2020	10	19	13	21	0	19.71	15.67	280.82	6.70	0.82
2020	10	19	13	51	0	19.73	15.60	188.15	6.30	0.75
2020	10	19	14	21	0	19.94	15.51	243.23	6.10	0.69
2020	10	19	14	51	0	19.96	15.55	229.71	5.90	0.75
2020	10	19	15	21	0	19.73	15.91	174.34	5.80	0.72
2020	10	19	15	51	0	18.80	16.56	202.23	5.80	0.68
2020	10	19	16	21	0	18.50	17.43	267.53	6.00	0.72
2020	10	19	16	51	0	18.28	18.27	249.57	6.10	0.71
2020	10	19	17	21	0	18.54	18.44	327.00	5.90	0.69
2020	10	19	17	51	0	18.45	18.15	314.48	6.30	0.76
2020	10	19	18	21	0	18.32	18.21	326.71	6.10	0.76
2020	10	19	18	51	0	18.23	18.21	251.71	5.50	0.67
2020	10	19	19	21	0	18.08	18.48	184.34	5.70	0.71
2020	10	19	19	51	0	18.08	18.75	240.82	5.50	0.68
2020	10	19	20	21	0	17.92	19.11	206.51	5.50	0.65
2020	10	19	20	51	0	17.65	19.70	178.59	5.50	0.64
2020	10	19	21	21	0	17.51	20.50	132.35	5.60	0.67
2020	10	19	21	51	0	17.57	20.28	129.75	5.90	0.72
2020	10	19	22	21	0	17.58	20.02	147.32	5.90	0.69
2020	10	19	22	51	0	17.76	19.54	194.00	5.70	0.63
2020	10	19	23	21	0	18.36	18.22	187.10	5.60	0.61
2020	10	19	23	51	0	18.86	16.56	139.60	5.80	0.64
2020	10	20	0	21	0	18.83	15.51	132.54	5.90	0.62
2020	10	20	0	51	0	18.78	15.29	126.44	5.60	0.60
2020	10	20	1	21	0	18.49	15.72	167.92	5.10	0.54
2020	10	20	1	51	0	18.22	16.18	182.17	5.60	0.64
2020	10	20	2	21	0	17.73	16.68	181.12	5.20	0.60
2020	10	20	2	51	0	17.56	17.11	166.63	5.30	0.61
2020	10	20	3	21	0	17.34	17.15	137.19	5.20	0.62
2020	10	20	3	51	0	17.59	17.15	179.18	5.40	0.59
2020	10	20	4	21	0	17.31	17.20	107.03	5.20	0.57
2020	10	20	4	51	0	17.28	17.48	86.04	5.10	0.59
2020	10	20	5	21	0	17.26	17.94	67.17	5.30	0.60
2020	10	20	5	51	0	17.28	18.21	96.58	5.20	0.57
2020	10	20	6	21	0	17.27	18.37	68.29	5.10	0.53
2020	10	20	6	51	0	17.27	18.60	135.58	4.50	0.59
2020	10	20	7	21	0	17.29	19.01	66.37	4.00	0.57
2020	10	20	7	51	0	17.64	19.09	109.24	4.10	0.57
2020	10	20	8	21	0	17.87	19.19	118.99	4.10	0.61
2020	10	20	8	51	0	18.47	19.11	124.76	4.20	0.64
2020	10	20	9	21	0	18.33	19.18	154.85	4.20	0.67
2020	10	20	9	51	0	18.49	19.66	148.39	4.10	0.68
2020	10	20	10	21	0	18.55	19.16	148.63	4.00	0.67
2020	10	20	10	51	0	18.44	18.89	170.89	4.20	0.69
2020	10	20	11	21	0	18.51	19.31	166.19	4.10	0.65
2020	10	20	11	51	0	18.46	19.82	148.00	4.00	0.66
2020	10	20	12	21	0	18.36	20.37	127.61	4.30	0.73
2020	10	20	12	51	0	18.27	20.97	149.92	4.10	0.70
2020	10	20	13	21	0	18.23	21.40	146.29	4.20	0.70
2020	10	20	13	51	0	18.18	21.88	132.27	4.20	0.65
2020	10	20	14	21	0	18.28	22.15	101.95	4.30	0.67
2020	10	20	14	51	0	18.28	22.25	92.93	4.40	0.64
2020	10	20	15	21	0	18.28	22.34	159.99	4.30	0.69
2020	10	20	15	51	0	18.36	22.45	163.90	4.60	0.71
2020	10	20	16	21	0	18.34	22.52	160.31	4.70	0.68
2020	10	20	16	51	0	18.32	22.51	150.93	4.10	0.72
2020	10	20	17	21	0	18.28	22.55	118.97	4.30	0.83
2020	10	20	17	51	0	18.25	22.61	101.85	4.00	0.87
2020	10	20	18	21	0	18.19	22.63	132.38	4.20	0.87
2020	10	20	18	51	0	18.19	22.80	139.27	4.60	1.00
2020	10	20	19	21	0	18.11	22.89	139.46	4.40	0.98
2020	10	20	19	51	0	18.14	23.10	152.08	4.40	0.97
2020	10	20	20	21	0	18.03	23.17	75.18	4.60	1.02
2020	10	20	20	51	0	18.05	23.45	77.93	4.40	0.97
2020	10	20	21	51	0	17.90	23.80	163.37	4.70	1.09
2020	10	20	22	21	0	17.72	24.06	116.86	4.80	1.12
2020	10	20	22	51	0	17.69	24.21	115.02	4.90	1.16
2020	10	20	23	21	0	17.66	24.39	128.05	4.70	1.11
2020	10	20	23	51	0	17.61	24.69	125.00	4.90	1.22
2020	10	21	0	51	0	17.50	25.14	89.47	4.60	1.15
2020	10	21	1	51	0	17.26	25.83	91.51	5.00	1.32
2020	10	21	2	21	0	17.27	26.07	107.67	4.90	1.30
2020	10	21	2	51	0	17.26	26.12	110.16	5.10	1.31
2020	10	21	3	21	0	17.23	26.08	105.92	5.00	1.23
2020	10	21	3	51	0	17.19	26.01	110.48	5.20	1.32
2020	10	21	4	51	0	16.99	26.01	90.38	5.40	1.28
2020	10	21	5	51	0	16.89	26.42	121.10	5.40	1.32
2020	10	21	6	21	0	16.90	26.58	86.18	5.40	1.26
2020	10	21	6	51	0	16.92	26.67	113.85	5.40	1.33
2020	10	21	7	51	0	16.98	26.90	136.19	5.20	1.28
2020	10	21	8	21	0	17.04	26.92	157.75	5.30	1.26
2020	10	21	8	51	0	17.11	26.97	118.03	5.20	1.15
2020	10	21	9	21	0	17.12	27.01	110.14	5.20	1.22
2020	10	21	9	51	0	17.16	27.00	113.80	5.20	1.16
2020	10	21	10	21	0	17.11	27.13	129.11	5.50	1.23
2020	10	21	10	51	0	17.12	27.10	129.43	4.90	1.10
2020	10	21	11	21	0	17.12	27.04	156.16	4.90	1.09
2020	10	21	11	51	0	17.11	27.00	125.96	5.10	1.15
2020	10	21	12	51	0	17.13	26.98	130.09	5.40	1.18
2020	10	21	13	21	0	17.13	26.99	131.70	4.80	1.01
2020	10	21	14	21	0	17.13	26.98	164.73	5.30	1.10
2020	10	21	14	51	0	17.17	26.95	209.30	5.20	1.11
2020	10	21	15	21	0	17.18	26.92	163.43	5.30	1.05
2020	10	21	15	51	0	17.19	26.94	179.24	5.40	1.05
2020	10	21	16	21	0	17.25	26.91	113.76	5.20	1.07
2020	10	21	16	51	0	17.25	26.93	148.27	5.00	1.06
2020	10	21	17	21	0	17.30	26.93	155.03	5.10	1.09
2020	10	21	17	51	0	17.32	26.95	142.23	4.80	0.99
2020	10	21	18	21	0	17.28	26.99	163.48	4.60	0.96
2020	10	21	18	51	0	17.23	27.01	71.52	4.80	1.07
2020	10	21	19	51	0	17.28	26.98	118.46	5.20	1.17
2020	10	21	20	21	0	17.25	26.99	115.63	5.20	1.18
2020	10	21	20	51	0	17.29	26.99	122.08	4.90	1.10
2020	10	21	21	21	0	17.26	26.99	107.88	5.10	1.15
2020	10	21	21	51	0	17.28	26.97	111.17	5.10	1.16
2020	10	21	22	21	0	17.26	26.99	119.19	5.30	1.19
2020	10	21	22	51	0	17.25	26.99	114.40	5.40	1.23
2020	10	21	23	21	0	17.24	27.00	75.65	5.10	1.18
2020	10	21	23	51	0	17.22	27.01	118.99	5.10	1.18
2020	10	22	0	21	0	17.21	27.02	137.36	4.80	1.08
2020	10	22	0	51	0	17.21	27.04	120.32	4.90	1.13
2020	10	22	1	21	0	17.21	27.11	141.37	5.00	1.12
2020	10	22	1	51	0	17.19	27.13	148.09	5.00	1.12
2020	10	22	2	21	0	17.16	27.16	66.72	4.80	1.13
2020	10	22	2	51	0	17.17	27.16	78.66	4.90	1.19
2020	10	22	3	51	0	17.23	26.77	97.70	5.10	1.15
2020	10	22	4	21	0	17.17	26.64	85.04	5.10	1.21
2020	10	22	4	51	0	17.12	26.48	100.81	5.00	1.12
2020	10	22	5	51	0	17.06	26.13	60.41	5.20	1.09
2020	10	22	6	21	0	17.02	26.14	68.98	5.20	1.13
2020	10	22	6	51	0	17.01	26.13	70.72	4.90	1.07
2020	10	22	7	51	0	16.99	26.15	104.78	4.90	1.15
2020	10	22	8	21	0	17.01	26.25	71.37	5.10	1.28
2020	10	22	8	51	0	17.01	26.26	88.80	5.00	1.23
2020	10	22	9	51	0	16.97	26.32	95.49	4.80	1.13
2020	10	22	10	21	0	16.88	26.32	86.30	5.10	1.14
2020	10	22	10	51	0	17.17	26.29	118.58	5.00	1.09
2020	10	22	11	51	0	17.15	26.17	150.91	5.20	1.12
2020	10	22	12	51	0	16.92	25.37	113.16	5.10	1.12
2020	10	22	13	21	0	16.89	25.70	103.53	5.80	1.17
2020	10	22	13	51	0	16.98	25.32	123.95	5.20	1.04
2020	10	22	14	51	0	17.34	24.09	179.34	5.80	1.15
2020	10	22	15	51	0	17.45	22.20	176.65	5.40	1.05
2020	10	22	16	21	0	17.44	21.96	171.58	5.80	1.10
2020	10	22	16	51	0	17.49	21.94	187.91	5.70	1.15
2020	10	22	17	21	0	17.53	22.06	200.28	5.70	1.13
2020	10	22	18	21	0	17.80	20.93	195.61	5.70	1.02
2020	10	22	18	51	0	17.66	20.15	183.46	5.70	1.04
2020	10	22	20	51	0	17.85	18.22	238.58	6.80	1.13
2020	10	22	21	21	0	17.75	17.53	241.71	6.60	1.09
2020	10	22	21	51	0	17.55	18.82	247.23	6.60	1.12
2020	10	22	22	21	0	17.58	19.41	249.47	6.30	1.00
2020	10	22	22	51	0	17.67	19.04	250.38	6.40	1.07
2020	10	22	23	21	0	17.74	18.74	263.83	6.50	1.09
2020	10	22	23	51	0	17.71	18.01	279.75	7.00	1.17
2020	10	23	0	21	0	17.69	18.57	277.27	6.60	1.06
2020	10	23	0	51	0	17.76	17.61	274.60	7.00	1.10
2020	10	23	1	21	0	17.77	17.34	290.02	7.10	1.11
2020	10	23	1	51	0	17.86	16.85	286.04	6.50	0.98
2020	10	23	2	51	0	17.95	15.05	298.57	7.20	1.09
2020	10	23	3	51	0	17.60	17.61	275.23	7.20	1.12
2020	10	23	4	51	0	17.54	17.69	260.48	6.80	1.07
2020	10	23	5	51	0	17.28	19.64	233.14	6.60	0.99
2020	10	23	6	51	0	17.44	17.72	204.64	6.90	1.17
2020	10	23	7	51	0	17.59	15.74	203.46	6.20	0.99
2020	10	23	8	21	0	17.44	16.55	220.79	6.20	1.02
2020	10	23	8	51	0	17.31	17.82	240.43	6.60	1.03
2020	10	23	9	21	0	17.24	18.09	246.18	6.70	1.06
2020	10	23	9	51	0	17.25	17.73	242.05	6.30	0.92
2020	10	23	10	21	0	17.03	18.49	227.95	6.30	0.98
2020	10	23	10	51	0	17.35	17.01	239.90	6.50	0.95
2020	10	23	11	51	0	17.35	17.13	226.32	6.30	0.89
2020	10	23	12	21	0	17.48	16.59	212.03	6.60	0.94
2020	10	23	12	51	0	17.57	15.05	170.53	6.30	0.91
2020	10	23	13	51	0	17.82	14.74	171.37	6.60	0.96
2020	10	23	14	21	0	17.85	14.53	141.02	6.40	0.92
2020	10	23	14	51	0	17.89	14.91	143.25	6.30	0.89
2020	10	23	15	21	0	17.81	17.09	123.55	6.20	0.92
2020	10	23	15	51	0	17.98	18.75	132.07	6.60	0.97
2020	10	23	16	21	0	18.06	18.63	118.86	6.10	0.86
2020	10	23	16	51	0	18.00	17.95	135.12	6.00	0.84
2020	10	23	17	21	0	18.09	17.85	125.60	6.70	0.93
2020	10	23	17	51	0	18.24	17.74	106.67	7.00	1.01
2020	10	23	18	21	0	18.26	17.72	111.32	6.30	0.89
2020	10	23	18	51	0	19.84	17.17	86.13	6.70	0.88
2020	10	23	19	21	0	19.93	17.77	75.98	6.60	0.92
2020	10	23	19	51	0	19.81	17.88	70.45	6.50	0.85
2020	10	23	20	21	0	18.61	18.11	113.79	6.70	0.88
2020	10	23	21	51	0	17.42	18.89	153.75	6.50	0.85
2020	10	23	23	21	0	17.62	16.87	130.92	6.50	0.77
2020	10	23	23	51	0	17.62	17.07	142.58	6.20	0.74
2020	10	24	0	21	0	17.59	17.42	133.48	6.50	0.78
2020	10	24	0	51	0	17.64	17.07	126.16	6.30	0.78
2020	10	24	1	51	0	17.55	17.83	144.65	6.30	0.78
2020	10	24	3	21	0	17.77	16.23	77.39	6.10	0.76
2020	10	24	3	51	0	17.85	15.90	65.71	6.60	0.81
2020	10	24	4	21	0	17.70	16.35	64.53	6.50	0.81
2020	10	24	4	51	0	17.63	17.10	101.08	5.90	0.72
2020	10	24	5	21	0	17.54	17.82	95.63	6.20	0.78
2020	10	24	5	51	0	17.41	19.07	109.08	5.20	0.64
2020	10	24	6	51	0	17.52	18.70	93.78	5.80	0.69
2020	10	24	7	21	0	17.40	18.51	113.64	5.90	0.70
2020	10	24	7	51	0	17.27	19.84	105.70	5.90	0.75
2020	10	24	9	21	0	17.33	20.80	169.23	5.70	0.72
2020	10	24	9	51	0	17.25	21.06	94.10	6.30	0.75
2020	10	24	10	21	0	17.28	20.77	140.38	6.00	0.66
2020	10	24	10	51	0	17.49	20.12	102.22	5.70	0.65
2020	10	24	11	51	0	17.67	19.93	136.42	6.10	0.71
2020	10	24	12	21	0	18.03	19.93	133.32	5.90	0.69
2020	10	24	12	51	0	18.33	19.85	72.68	6.40	0.70
2020	10	24	13	21	0	18.80	19.97	96.03	6.10	0.63
2020	10	24	13	51	0	18.65	20.06	88.81	6.00	0.68
2020	10	24	14	51	0	19.09	19.87	74.33	6.20	0.71
2020	10	24	15	21	0	19.25	19.85	68.68	6.40	0.72
2020	10	24	15	51	0	19.41	19.87	59.44	6.20	0.74
2020	10	24	16	21	0	19.55	19.87	72.81	5.60	0.64
2020	10	24	16	51	0	19.83	19.95	62.40	6.30	0.78
2020	10	24	17	21	0	20.16	20.06	35.86	5.90	0.68
2020	10	24	17	51	0	20.27	20.18	46.80	6.40	0.74
2020	10	24	18	21	0	20.31	20.12	79.67	5.60	0.68
2020	10	24	18	51	0	20.43	20.09	74.72	5.70	0.69
2020	10	24	19	21	0	20.30	20.14	62.75	5.60	0.72
2020	10	24	19	51	0	20.37	20.09	64.45	5.70	0.68
2020	10	24	20	21	0	20.27	19.99	83.14	6.00	0.72
2020	10	24	20	51	0	19.98	19.81	67.41	6.00	0.73
2020	10	24	21	51	0	19.93	19.23	97.01	5.70	0.71
2020	10	24	22	21	0	19.70	18.98	90.46	5.50	0.73
2020	10	24	22	51	0	19.39	18.61	104.35	5.30	0.68
2020	10	24	23	21	0	20.01	18.29	53.57	5.10	0.63
2020	10	24	23	51	0	19.79	15.78	57.16	5.70	0.68
2020	10	25	0	21	0	19.62	15.01	77.40	5.40	0.66
2020	10	25	0	51	0	19.33	14.88	85.71	5.90	0.71
2020	10	25	1	51	0	18.74	15.51	102.41	6.20	0.68
2020	10	25	2	21	0	18.52	15.71	96.49	6.20	0.71
2020	10	25	2	51	0	18.23	16.43	112.41	6.00	0.61
2020	10	25	4	51	0	17.86	17.71	57.59	5.80	0.61
2020	10	25	6	21	0	17.57	18.87	49.74	5.10	0.65
2020	10	25	6	51	0	17.45	19.40	39.42	5.60	0.70
2020	10	25	7	21	0	17.33	19.71	70.15	4.90	0.59
2020	10	25	7	51	0	17.27	21.13	43.60	4.80	0.59
2020	10	25	9	21	0	17.21	23.99	70.35	4.60	0.58
2020	10	25	9	51	0	17.19	23.86	59.63	5.10	0.66
2020	10	25	10	21	0	17.12	24.04	49.01	5.00	0.68
2020	10	25	10	51	0	17.14	23.68	76.64	4.50	0.60
2020	10	25	11	51	0	17.37	23.11	77.94	4.70	0.63
2020	10	25	12	21	0	17.40	22.70	87.67	4.60	0.61
2020	10	25	12	51	0	17.33	22.88	88.88	5.10	0.66
2020	10	25	13	21	0	17.55	22.74	84.88	5.10	0.64
2020	10	25	14	21	0	17.49	22.97	86.47	4.90	0.67
2020	10	25	14	51	0	17.50	23.41	81.60	4.50	0.64
2020	10	25	15	21	0	17.52	23.59	82.47	4.40	0.69
2020	10	25	15	51	0	17.52	23.59	88.25	4.30	0.63
2020	10	25	16	21	0	17.68	23.06	91.18	4.40	0.66
2020	10	25	16	51	0	17.92	22.65	90.63	4.40	0.67
2020	10	25	17	51	0	18.16	21.72	84.83	4.30	0.69
2020	10	25	18	21	0	18.13	21.39	83.24	4.30	0.76
2020	10	25	18	51	0	18.07	21.61	89.39	4.40	0.79
2020	10	25	19	21	0	18.18	22.12	93.53	4.20	0.75
2020	10	25	19	51	0	18.34	21.88	102.87	4.50	0.83
2020	10	25	20	21	0	18.82	21.24	122.57	4.20	0.80
2020	10	25	21	21	0	19.07	19.94	149.49	4.60	0.70
2020	10	25	22	21	0	19.05	19.25	145.93	4.60	0.72
2020	10	25	22	51	0	19.09	19.20	150.78	4.80	0.74
2020	10	25	23	21	0	18.66	19.34	168.74	4.80	0.71
2020	10	25	23	51	0	18.26	19.67	177.56	4.70	0.69
2020	10	26	0	21	0	18.10	19.72	196.71	4.70	0.68
2020	10	26	0	51	0	18.19	20.12	154.20	4.80	0.69
2020	10	26	1	21	0	18.06	20.58	93.80	5.00	0.68
2020	10	26	1	51	0	17.97	21.12	103.69	5.10	0.75
2020	10	26	2	21	0	17.85	21.49	118.54	4.70	0.68
2020	10	26	2	51	0	17.75	21.78	178.39	4.90	0.73
2020	10	26	3	51	0	18.13	21.36	132.31	5.30	0.66
2020	10	26	4	21	0	18.50	20.76	134.68	5.40	0.69
2020	10	26	4	51	0	18.47	20.15	108.17	5.70	0.78
2020	10	26	5	21	0	18.39	20.00	207.90	5.20	0.68
2020	10	26	5	51	0	18.55	19.80	146.69	5.30	0.74
2020	10	26	6	21	0	18.40	20.33	103.82	5.10	0.71
2020	10	26	6	51	0	18.32	20.42	199.09	5.20	0.66
2020	10	26	7	21	0	18.19	21.30	107.22	5.00	0.67
2020	10	26	7	51	0	18.61	19.83	160.83	5.30	0.65
2020	10	26	8	51	0	18.55	19.98	240.80	5.40	0.67
2020	10	26	10	21	0	18.40	19.37	222.40	5.60	0.74
2020	10	26	10	51	0	18.31	19.88	263.28	5.60	0.69
2020	10	26	11	21	0	18.54	19.54	293.58	5.80	0.69
2020	10	26	11	51	0	18.71	19.05	332.98	5.90	0.81
2020	10	26	12	51	0	18.74	18.82	318.33	5.80	0.74
2020	10	26	13	21	0	18.58	19.07	290.83	6.00	0.83
2020	10	26	13	51	0	18.55	19.29	315.46	6.60	0.89
2020	10	26	14	21	0	18.45	19.49	295.21	6.30	0.82
2020	10	26	14	51	0	18.55	19.61	195.65	6.10	0.78
2020	10	26	15	21	0	18.63	19.32	292.01	6.30	0.76
2020	10	26	15	51	0	19.11	18.93	306.75	6.10	0.78
2020	10	26	16	21	0	19.13	18.84	293.92	5.80	0.71
2020	10	26	16	51	0	19.24	18.81	272.29	6.30	0.82
2020	10	26	17	21	0	19.27	18.82	181.44	6.00	0.74
2020	10	26	17	51	0	19.20	18.97	161.35	5.90	0.75
2020	10	26	18	21	0	19.13	19.20	161.80	6.00	0.81
2020	10	26	18	51	0	18.93	19.57	139.25	6.10	0.77
2020	10	26	19	51	0	18.75	19.84	124.54	5.60	0.74
2020	10	26	20	21	0	18.59	20.01	133.75	5.60	0.78
2020	10	26	20	51	0	18.35	20.32	162.08	5.20	0.73
2020	10	26	21	21	0	17.93	20.57	122.83	4.40	0.75
2020	10	26	21	51	0	17.05	21.41	118.32	4.30	0.78
2020	10	26	22	51	0	16.76	24.31	101.97	4.30	0.85
2020	10	26	23	51	0	16.44	26.53	95.57	4.30	0.84
2020	10	27	0	51	0	16.29	27.33	87.51	4.20	0.89
2020	10	27	1	51	0	16.37	28.57	72.08	4.10	0.88
2020	10	27	2	51	0	16.95	28.30	112.54	4.10	0.87
2020	10	27	3	21	0	16.93	28.46	88.91	4.40	0.91
2020	10	27	3	51	0	16.95	28.57	116.72	4.10	0.84
2020	10	27	4	51	0	17.41	28.32	115.53	4.40	1.00
2020	10	27	5	51	0	17.33	28.39	94.62	4.50	0.94
2020	10	27	6	51	0	17.11	28.73	104.57	4.40	0.99
2020	10	27	7	51	0	16.78	28.90	130.62	4.60	0.99
2020	10	27	8	51	0	16.54	28.83	141.23	4.30	0.93
2020	10	27	9	51	0	16.48	28.58	155.52	4.20	0.78
2020	10	27	10	21	0	16.47	28.44	162.71	4.30	0.78
2020	10	27	11	21	0	16.37	28.49	152.74	4.80	0.98
2020	10	27	11	51	0	16.27	28.72	153.56	4.80	1.08
2020	10	27	12	21	0	16.19	28.95	151.82	4.80	1.09
2020	10	27	12	51	0	16.11	29.13	143.13	5.00	1.12
2020	10	27	13	21	0	16.10	29.16	151.97	4.90	1.08
2020	10	27	13	51	0	16.14	29.11	157.34	4.60	1.06
2020	10	27	14	21	0	16.10	29.23	154.13	5.30	1.19
2020	10	27	14	51	0	16.02	29.45	150.09	5.00	1.18
2020	10	27	15	21	0	15.90	29.79	151.62	5.10	1.16
2020	10	27	16	21	0	15.56	30.67	243.85	5.10	1.17
2020	10	27	16	51	0	15.48	30.64	233.71	5.00	1.04
2020	10	27	17	51	0	15.42	30.63	199.96	5.30	1.13
2020	10	27	18	51	0	15.27	30.67	160.42	5.10	0.96
2020	10	27	19	51	0	15.15	30.73	159.31	5.10	1.03
2020	10	27	20	51	0	15.00	30.77	153.35	5.50	0.99
2020	10	27	21	21	0	14.99	30.77	151.19	5.30	0.95
2020	10	27	21	51	0	14.93	30.78	150.75	5.10	0.91
2020	10	27	22	51	0	14.87	30.77	140.40	5.10	0.90
2020	10	27	23	21	0	14.86	30.78	144.05	4.80	0.88
2020	10	27	23	51	0	14.91	30.74	171.28	4.70	0.89
2020	10	28	0	21	0	14.86	30.76	154.64	4.80	0.92
2020	10	28	0	51	0	14.89	30.74	171.80	4.90	1.01
2020	10	28	1	21	0	14.89	30.73	166.22	4.70	1.01
2020	10	28	1	51	0	14.91	30.71	178.02	5.10	1.02
2020	10	28	2	21	0	14.96	30.66	172.19	4.80	1.08
2020	10	28	2	51	0	15.03	30.61	151.66	5.10	1.06
2020	10	28	3	21	0	15.11	30.57	146.26	4.80	0.97
2020	10	28	3	51	0	15.19	30.55	170.46	5.10	1.05
2020	10	28	4	21	0	15.22	30.52	163.68	5.10	1.06
2020	10	28	4	51	0	15.24	30.50	177.81	5.10	0.98
2020	10	28	5	21	0	15.22	30.48	165.06	4.90	0.95
2020	10	28	5	51	0	15.20	30.47	166.09	4.80	0.90
2020	10	28	6	21	0	15.21	30.45	150.51	4.60	0.82
2020	10	28	6	51	0	15.27	30.42	142.75	5.40	0.96
2020	10	28	7	21	0	15.34	30.37	135.63	5.10	0.85
2020	10	28	7	51	0	15.42	30.34	120.69	5.00	0.86
2020	10	28	8	21	0	15.44	30.34	134.40	5.10	0.88
2020	10	28	8	51	0	15.48	30.32	119.35	5.60	0.89
2020	10	28	9	21	0	15.52	30.30	131.16	5.30	0.85
2020	10	28	9	51	0	15.55	30.27	137.13	5.40	0.83
2020	10	28	10	21	0	16.46	29.82	117.60	5.50	0.86
2020	10	28	10	51	0	16.47	29.26	100.64	5.10	0.80
2020	10	28	11	21	0	16.55	29.11	113.46	5.20	0.81
2020	10	28	11	51	0	16.68	29.05	114.43	5.30	0.81
2020	10	28	12	21	0	16.78	29.01	81.94	4.40	0.68
2020	10	28	12	51	0	16.86	28.95	89.95	5.00	0.72
2020	10	28	13	21	0	17.01	28.94	96.76	5.30	0.72
2020	10	28	13	51	0	17.16	28.93	57.18	5.10	0.70
2020	10	28	14	21	0	17.36	28.93	88.00	5.40	0.72
2020	10	28	14	51	0	17.43	28.94	54.96	5.40	0.68
2020	10	28	15	21	0	17.48	28.94	54.39	5.30	0.74
2020	10	28	15	51	0	17.66	28.92	69.87	5.50	0.74
2020	10	28	16	21	0	17.94	28.88	55.33	5.30	0.68
2020	10	28	16	51	0	18.07	28.93	62.66	5.20	0.66
2020	10	28	17	21	0	18.29	28.88	60.87	5.80	0.72
2020	10	28	17	51	0	18.22	28.95	70.30	5.60	0.67
2020	10	28	18	21	0	18.10	28.95	50.52	5.80	0.71
2020	10	28	18	51	0	18.21	28.92	86.30	5.30	0.63
2020	10	28	19	21	0	18.30	28.92	39.80	5.70	0.68
2020	10	28	19	51	0	18.30	28.94	54.18	5.50	0.62
2020	10	28	21	51	0	18.25	28.93	55.86	5.30	0.60
2020	10	28	22	51	0	18.10	28.94	38.11	5.70	0.67
2020	10	28	23	21	0	18.05	28.93	67.74	5.40	0.60
2020	10	28	23	51	0	17.97	28.92	39.09	5.50	0.60
2020	10	29	0	21	0	17.93	28.91	65.72	5.30	0.60
2020	10	29	0	51	0	17.89	28.90	47.26	5.00	0.55
2020	10	29	1	21	0	17.85	28.88	87.11	4.70	0.58
2020	10	29	1	51	0	17.77	28.88	114.59	3.80	0.60
2020	10	29	2	21	0	17.68	28.92	122.05	3.90	0.70
2020	10	29	2	51	0	17.49	29.05	102.67	3.90	0.77
2020	10	29	3	21	0	17.41	29.07	120.64	4.00	0.78
2020	10	29	3	51	0	17.38	29.07	116.48	4.00	0.79
2020	10	29	4	21	0	17.28	29.14	109.66	4.00	0.79
2020	10	29	4	51	0	16.94	29.28	133.39	4.20	0.92
2020	10	29	5	51	0	16.83	29.32	116.91	4.30	0.88
2020	10	29	6	51	0	16.81	29.33	133.18	4.50	0.97
2020	10	29	7	51	0	16.85	29.29	172.40	4.50	0.98
2020	10	29	8	21	0	16.88	29.25	181.88	4.50	1.05
2020	10	29	8	51	0	16.87	29.21	179.89	4.80	1.03
2020	10	29	9	21	0	16.87	29.18	163.34	4.70	1.06
2020	10	29	9	51	0	16.86	29.18	161.91	4.50	1.02
2020	10	29	10	21	0	16.83	29.21	165.07	4.80	1.03
2020	10	29	10	51	0	16.82	29.22	199.17	4.70	1.00
2020	10	29	11	51	0	16.79	29.24	187.99	4.70	0.98
2020	10	29	12	21	0	16.80	29.24	172.49	4.80	0.93
2020	10	29	12	51	0	16.81	29.23	131.26	4.80	0.93
2020	10	29	13	21	0	16.78	29.24	166.70	4.50	0.89
2020	10	29	13	51	0	16.72	29.27	167.93	4.50	0.91
2020	10	29	14	21	0	16.74	29.25	188.10	4.50	0.95
2020	10	29	14	51	0	16.76	29.26	185.69	4.60	0.90
2020	10	29	15	21	0	16.78	29.26	183.21	4.60	0.92
2020	10	29	15	51	0	16.78	29.27	181.17	4.90	0.97
2020	10	29	16	21	0	16.85	29.23	164.62	4.70	0.88
2020	10	29	16	51	0	16.86	29.23	151.20	5.10	0.97
2020	10	29	17	51	0	16.94	29.17	134.30	5.40	0.97
2020	10	29	18	21	0	16.91	29.19	91.21	4.90	0.92
2020	10	29	18	51	0	16.96	29.16	143.98	4.80	0.93
2020	10	29	19	51	0	17.02	29.16	125.72	4.70	1.00
2020	10	29	20	21	0	17.04	29.13	122.93	5.00	1.08
2020	10	29	20	51	0	17.16	29.08	161.70	4.60	1.08
2020	10	29	21	21	0	17.23	29.09	173.76	4.80	1.04
2020	10	29	21	51	0	17.25	29.08	174.34	4.70	1.05
2020	10	29	22	21	0	17.14	29.14	179.77	4.90	1.10
2020	10	29	22	51	0	16.98	29.15	162.21	5.20	1.14
2020	10	29	23	21	0	17.02	29.08	180.88	5.00	1.16
2020	10	29	23	51	0	17.03	29.11	177.95	5.20	1.19
2020	10	30	0	21	0	16.99	29.08	176.34	5.00	1.16
2020	10	30	0	51	0	16.98	29.01	180.37	4.80	1.08
2020	10	30	1	51	0	17.01	28.95	170.52	4.70	1.07
2020	10	30	3	21	0	17.00	28.91	196.24	4.60	1.03
2020	10	30	3	51	0	16.99	28.90	173.77	4.90	1.04
2020	10	30	4	51	0	16.94	28.86	165.49	4.90	1.04
2020	10	30	5	21	0	16.97	28.82	178.72	5.20	1.04
2020	10	30	5	51	0	17.02	28.81	165.60	5.10	1.00
2020	10	30	6	21	0	17.00	28.84	179.46	4.80	0.95
2020	10	30	6	51	0	16.98	28.86	152.29	5.20	0.99
2020	10	30	7	51	0	16.89	28.92	95.31	4.80	0.87
2020	10	30	8	21	0	16.80	28.99	143.17	4.70	0.85
2020	10	30	8	51	0	16.76	29.05	174.82	4.50	0.83
2020	10	30	9	21	0	16.77	29.07	134.74	4.40	0.86
2020	10	30	9	51	0	16.72	29.15	139.61	4.80	0.84
2020	10	30	10	51	0	16.75	29.16	164.13	4.70	0.81
2020	10	30	11	21	0	16.78	29.21	168.11	4.90	0.82
2020	10	30	11	51	0	16.79	29.24	168.14	5.00	0.82
2020	10	30	12	51	0	16.92	29.23	137.01	4.80	0.72
2020	10	30	13	21	0	16.92	29.24	138.00	4.50	0.81
2020	10	30	13	51	0	16.98	29.22	123.10	4.60	0.79
2020	10	30	14	21	0	17.01	29.24	140.91	4.60	0.77
2020	10	30	14	51	0	17.04	29.25	97.46	4.50	0.80
2020	10	30	15	21	0	17.07	29.20	143.27	4.40	0.77
2020	10	30	15	51	0	17.07	29.32	154.80	4.50	0.78
2020	10	30	16	21	0	17.12	29.25	142.05	4.40	0.78
2020	10	30	16	51	0	17.09	29.27	159.27	4.40	0.76
2020	10	30	17	21	0	17.21	29.35	137.35	4.60	0.76
2020	10	30	17	51	0	17.20	29.43	131.76	4.60	0.79
2020	10	30	18	21	0	17.19	29.45	135.67	4.70	0.76
2020	10	30	19	21	0	17.28	29.47	126.56	4.40	0.70
2020	10	30	19	51	0	17.24	29.39	71.22	4.40	0.70
2020	10	30	20	51	0	17.19	29.34	52.94	4.80	0.77
2020	10	30	21	51	0	17.15	29.38	80.29	4.80	0.77
2020	10	30	22	21	0	17.14	29.42	57.88	4.80	0.76
2020	10	30	22	51	0	17.14	29.39	69.94	5.20	0.90
2020	10	30	23	21	0	17.10	29.44	76.39	4.80	0.83
2020	10	30	23	51	0	17.07	29.42	51.89	4.90	0.87
2020	10	31	0	21	0	17.05	29.44	89.96	5.10	0.88
2020	10	31	0	51	0	17.05	29.45	86.24	4.90	0.85
2020	10	31	1	21	0	17.11	29.41	89.80	4.90	0.86
2020	10	31	2	51	0	17.15	29.37	39.32	4.70	0.81
2020	10	31	3	21	0	17.17	29.36	75.81	4.80	0.85
2020	10	31	3	51	0	17.17	29.36	105.68	5.00	0.85
2020	10	31	4	51	0	17.17	29.35	64.75	4.90	0.87
2020	10	31	5	21	0	17.18	29.35	37.04	5.20	0.95
2020	10	31	5	51	0	17.21	29.34	37.97	4.90	0.82
2020	10	31	6	51	0	17.21	29.33	33.79	4.90	0.84
2020	10	31	7	21	0	17.22	29.34	72.37	4.70	0.81
2020	10	31	7	51	0	17.20	29.34	50.75	4.90	0.86
2020	10	31	9	21	0	17.15	29.35	45.03	4.90	0.84
2020	10	31	9	51	0	17.16	29.34	56.79	4.80	0.81
2020	10	31	10	51	0	17.17	29.34	42.56	4.70	0.78
2020	10	31	11	51	0	17.20	29.34	57.89	5.00	0.80
2020	10	31	12	51	0	17.29	29.33	29.26	4.40	0.68
2020	10	31	13	21	0	17.33	29.33	32.56	4.80	0.77
2020	10	31	13	51	0	17.41	29.35	39.24	5.00	0.76
2020	10	31	14	51	0	17.57	29.34	50.62	4.60	0.70
2020	10	31	15	21	0	17.64	29.32	48.74	4.50	0.66
2020	10	31	15	51	0	18.17	29.03	77.14	5.40	0.80
2020	10	31	16	21	0	18.12	28.87	34.54	4.80	0.70
2020	10	31	16	51	0	18.09	28.85	111.11	4.80	0.69
2020	10	31	17	51	0	18.09	28.91	157.77	5.00	0.71
2020	10	31	18	21	0	18.14	28.97	134.63	4.80	0.68
2020	10	31	18	51	0	18.00	28.99	161.22	5.40	0.78
2020	10	31	19	21	0	17.94	29.03	90.31	4.60	0.63
2020	10	31	19	51	0	17.91	29.05	138.07	5.00	0.70
2020	10	31	20	21	0	17.81	29.07	134.86	5.20	0.71
2020	10	31	20	51	0	18.09	28.94	42.99	4.50	0.63
2020	10	31	21	21	0	17.86	28.85	59.60	4.60	0.67
2020	10	31	21	51	0	17.62	28.82	92.91	4.30	0.62
2020	10	31	22	21	0	17.50	28.80	71.31	4.40	0.67
2020	10	31	22	51	0	17.54	28.80	45.49	4.40	0.66
2020	10	31	23	21	0	17.59	28.76	44.20	4.60	0.71
2020	10	31	23	51	0	17.55	28.83	29.25	4.80	0.76
2020	11	1	0	21	0	17.51	28.89	59.82	4.40	0.74
2020	11	1	0	51	0	17.52	28.81	45.88	4.50	0.74
2020	11	1	1	51	0	17.53	28.78	34.01	4.70	0.79
2020	11	1	2	51	0	17.53	28.78	53.88	4.30	0.72
2020	11	1	3	21	0	17.52	28.78	158.94	4.40	0.70
2020	11	1	3	51	0	17.51	28.81	54.84	4.60	0.72
2020	11	1	4	21	0	17.50	28.81	92.53	4.50	0.69
2020	11	1	4	51	0	17.47	28.84	90.77	4.40	0.66
2020	11	1	5	21	0	17.49	28.92	37.80	4.70	0.67
2020	11	1	5	51	0	17.50	28.96	27.78	4.60	0.66
2020	11	1	6	21	0	17.51	28.97	63.32	4.50	0.62
2020	11	1	6	51	0	17.48	28.98	129.61	4.70	0.64
2020	11	1	7	21	0	17.48	28.99	25.62	4.50	0.60
2020	11	1	7	51	0	17.46	28.99	87.89	4.50	0.56
2020	11	1	8	21	0	17.44	29.00	24.55	4.70	0.60
2020	11	1	8	51	0	17.41	28.99	53.65	4.90	0.60
2020	11	1	9	21	0	17.43	28.93	31.68	4.40	0.54
2020	11	1	9	51	0	17.44	28.93	32.92	4.60	0.57
2020	11	1	10	21	0	17.44	28.94	24.80	4.60	0.55
2020	11	1	10	51	0	17.46	28.94	26.05	4.60	0.56
2020	11	1	11	21	0	17.50	28.95	48.53	4.50	0.53
2020	11	1	11	51	0	17.56	28.95	22.98	4.80	0.55
2020	11	1	12	21	0	17.65	28.95	44.08	4.70	0.54
2020	11	1	12	51	0	17.76	28.94	41.35	4.80	0.53
2020	11	1	13	21	0	17.86	28.96	49.60	5.10	0.56
2020	11	1	13	51	0	17.97	28.96	29.15	4.80	0.51
2020	11	1	14	21	0	18.11	28.97	55.35	4.90	0.50
2020	11	1	15	21	0	18.37	28.98	42.18	6.30	0.60
2020	11	1	15	51	0	18.69	28.89	134.28	5.40	0.56
2020	11	1	16	21	0	19.33	28.97	69.22	5.00	0.50
2020	11	1	16	51	0	19.28	28.89	49.64	5.20	0.54
2020	11	1	17	21	0	19.31	28.72	25.91	5.00	0.51
2020	11	1	17	51	0	19.25	28.75	64.41	4.70	0.51
2020	11	1	18	21	0	19.14	28.77	43.41	5.00	0.54
2020	11	1	18	51	0	19.06	28.76	28.19	4.50	0.53
2020	11	1	19	21	0	19.01	28.76	60.77	4.60	0.51
2020	11	1	19	51	0	18.93	28.78	47.55	4.30	0.51
2020	11	1	20	21	0	18.84	28.81	41.75	4.40	0.55
2020	11	1	20	51	0	18.71	28.86	35.80	4.20	0.55
2020	11	1	21	21	0	18.54	28.92	27.27	4.50	0.58
2020	11	1	21	51	0	18.45	28.94	39.59	4.60	0.60
2020	11	1	22	51	0	18.25	28.99	26.58	4.30	0.58
2020	11	1	23	21	0	18.28	28.99	19.49	4.40	0.57
2020	11	1	23	51	0	18.36	28.92	8.25	4.40	0.57
2020	11	2	0	21	0	18.33	28.94	3.63	4.30	0.56
2020	11	2	0	51	0	18.27	28.98	21.51	4.50	0.59
2020	11	2	1	21	0	18.19	29.01	8.24	4.40	0.59
2020	11	2	1	51	0	18.17	29.01	3.67	5.00	0.61
2020	11	2	2	21	0	18.09	29.03	13.58	4.80	0.60
2020	11	2	2	51	0	18.02	29.03	3.29	4.90	0.61
2020	11	2	3	51	0	17.94	29.03	16.05	4.70	0.56
2020	11	2	4	21	0	17.94	29.03	3.55	4.90	0.59
2020	11	2	4	51	0	17.94	29.03	2.46	4.70	0.56
2020	11	2	5	21	0	17.94	29.03	14.90	4.70	0.54
2020	11	2	5	51	0	17.93	29.03	2.93	5.00	0.57
2020	11	2	6	21	0	17.93	29.02	2.16	4.80	0.53
2020	11	2	7	21	0	17.89	29.02	3.21	5.20	0.54
2020	11	2	7	51	0	17.87	29.03	1.88	4.80	0.49
2020	11	2	8	21	0	17.85	29.04	14.89	4.60	0.46
2020	11	2	8	51	0	17.82	29.04	4.33	5.40	0.53
2020	11	2	9	21	0	17.81	29.04	1.68	5.20	0.50
2020	11	2	10	21	0	17.86	29.07	3.17	5.00	0.46
2020	11	2	10	51	0	17.90	29.07	1.51	5.20	0.47
2020	11	2	11	21	0	17.95	29.07	11.81	5.70	0.48
2020	11	2	11	51	0	18.05	29.06	3.58	5.80	0.51
2020	11	2	12	21	0	18.17	29.05	1.50	5.60	0.47
2020	11	2	12	51	0	18.30	29.05	6.93	6.00	0.46
2020	11	2	13	21	0	18.46	29.05	3.81	6.00	0.47
2020	11	2	13	51	0	18.56	29.08	1.71	6.00	0.48
2020	11	2	14	21	0	18.73	29.09	6.85	5.80	0.45
2020	11	2	14	51	0	18.95	29.07	2.31	5.60	0.44
2020	11	2	15	21	0	19.11	29.09	1.61	5.60	0.44
2020	11	2	15	51	0	19.23	29.12	5.66	5.90	0.46
2020	11	2	16	21	0	19.17	29.15	2.66	5.70	0.44
2020	11	2	16	51	0	19.25	29.09	1.68	5.60	0.44
2020	11	2	17	21	0	19.49	29.03	7.39	5.70	0.46
2020	11	2	17	51	0	21.10	27.87	3.86	5.20	0.44
2020	11	2	18	21	0	20.82	27.62	3.54	4.30	0.45
2020	11	2	18	51	0	20.47	26.68	19.38	4.50	0.49
2020	11	2	19	21	0	19.96	25.81	5.08	4.20	0.48
2020	11	2	19	51	0	19.54	25.48	3.52	4.20	0.52
2020	11	2	20	21	0	19.28	25.29	15.99	4.10	0.49
2020	11	2	20	51	0	18.97	25.35	4.45	3.80	0.50
2020	11	2	21	21	0	18.90	25.17	5.37	4.20	0.52
2020	11	2	21	51	0	19.05	23.70	11.62	4.00	0.49
2020	11	2	22	21	0	18.83	23.56	5.71	4.00	0.52
2020	11	2	22	51	0	18.53	25.17	5.25	4.20	0.56
2020	11	2	23	21	0	18.58	24.94	17.77	4.10	0.58
2020	11	2	23	51	0	18.56	24.80	7.00	4.00	0.61
2020	11	3	0	21	0	18.64	25.00	10.20	4.10	0.63
2020	11	3	0	51	0	18.86	24.39	11.26	4.20	0.66
2020	11	3	1	21	0	18.80	25.22	79.32	4.20	0.63
2020	11	3	1	51	0	18.83	25.43	80.78	4.30	0.66
2020	11	3	2	21	0	18.89	24.76	10.79	4.20	0.64
2020	11	3	2	51	0	18.93	24.08	10.28	4.30	0.68
2020	11	3	3	21	0	18.88	23.89	16.84	4.70	0.67
2020	11	3	3	51	0	18.81	23.73	34.93	4.40	0.67
2020	11	3	4	21	0	18.87	23.40	74.29	4.40	0.65
2020	11	3	4	51	0	18.92	22.99	10.49	4.30	0.59
2020	11	3	5	21	0	19.00	22.74	23.51	4.40	0.65
2020	11	3	5	51	0	19.14	22.87	16.10	4.20	0.65
2020	11	3	6	21	0	19.14	23.28	14.99	4.10	0.64
2020	11	3	6	51	0	19.12	23.44	9.53	4.10	0.62
2020	11	3	7	21	0	19.07	23.47	64.48	3.90	0.62
2020	11	3	7	51	0	19.02	23.41	17.24	4.20	0.63
2020	11	3	8	21	0	18.98	23.13	47.54	4.30	0.61
2020	11	3	8	51	0	18.92	22.91	22.80	4.30	0.62
2020	11	3	9	51	0	18.93	22.41	40.40	4.10	0.62
2020	11	3	10	21	0	19.00	22.27	50.48	4.30	0.64
2020	11	3	10	51	0	19.07	22.44	14.44	4.20	0.65
2020	11	3	11	21	0	19.15	22.49	21.05	4.40	0.65
2020	11	3	11	51	0	19.17	22.16	22.21	4.50	0.69
2020	11	3	12	21	0	19.30	21.71	21.61	4.50	0.67
2020	11	3	13	21	0	19.67	21.62	52.11	4.30	0.65
2020	11	3	13	51	0	19.62	22.09	39.12	4.20	0.66
2020	11	3	14	21	0	19.76	22.24	49.48	4.10	0.66
2020	11	3	14	51	0	19.83	22.32	36.63	4.00	0.63
2020	11	3	15	21	0	19.93	22.43	35.12	4.10	0.69
2020	11	3	15	51	0	19.94	22.45	56.50	4.00	0.66
2020	11	3	16	21	0	19.87	22.10	26.38	3.90	0.72
2020	11	3	16	51	0	19.83	22.08	20.54	4.00	0.75
2020	11	3	17	21	0	19.92	22.06	19.80	4.10	0.78
2020	11	3	17	51	0	19.92	22.07	19.05	3.80	0.76
2020	11	3	18	21	0	19.84	22.43	17.57	4.20	0.74
2020	11	3	18	51	0	19.81	22.86	20.64	4.20	0.78
2020	11	3	19	21	0	19.77	23.06	20.01	4.20	0.74
2020	11	3	19	51	0	19.82	22.64	9.86	4.30	0.83
2020	11	3	20	21	0	19.69	22.61	19.28	4.30	0.73
2020	11	3	20	51	0	19.87	19.59	25.80	4.30	0.77
2020	11	3	21	21	0	19.84	17.90	33.28	4.50	0.77
2020	11	3	21	51	0	19.62	18.08	37.32	4.70	0.83
2020	11	3	22	21	0	19.39	18.59	31.22	4.80	0.84
2020	11	3	22	51	0	19.17	19.16	26.27	4.60	0.84
2020	11	3	23	21	0	19.02	20.79	29.71	4.80	0.91
2020	11	3	23	51	0	19.08	20.57	25.67	4.70	0.81
2020	11	4	0	21	0	18.97	20.72	19.09	4.70	0.81
2020	11	4	0	51	0	19.06	19.99	24.16	4.70	0.86
2020	11	4	1	21	0	19.05	20.22	24.68	4.70	0.82
2020	11	4	1	51	0	18.97	20.97	39.66	4.60	0.81
2020	11	4	2	21	0	18.99	21.14	40.64	4.70	0.84
2020	11	4	2	51	0	19.00	21.25	14.00	4.60	0.81